SN:3K430000012749 BD:Apr 19 2021 VC:7d9ffae MD5:34e03199e6006f2831fb02c414d62259
                     Time,      [CH4]_ppm,   [CH4]_ppm_sd,      [CO2]_ppm,   [CO2]_ppm_sd,      [H2O]_ppm,   [H2O]_ppm_sd,     [CH4]d_ppm,  [CH4]d_ppm_sd,     [CO2]d_ppm,  [CO2]d_ppm_sd,      GasP_torr,   GasP_torr_sd,         GasT_C,      GasT_C_sd,         AmbT_C,      AmbT_C_sd,         RD0_us,      RD0_us_sd,         RD1_us,      RD1_us_sd,     RD0_raw_us,         LTC0_v,      LTC0_v_sd,         LTC1_v,      LTC1_v_sd,             HZ,          HZ_sd,         Batt_v,      Batt_v_sd,        BattPer,     BattPer_sd, Temp_Status_mA,Analyzer_Status_mA,       Fit_Flag,      MIU_VALVE,       MIU_DESC
2023/07/24 22:10:34.561, 8.02621e+1, 0.00000e+0, 5.45498e+2, 0.00000e+0, 5.95313e+4, 0.00000e+0, 8.53426e+1, 0.00000e+0, 5.80028e+2, 0.00000e+0, 5.00322e+2, 0.00000e+0, 3.99213e+1, 0.00000e+0, 4.18101e+1, 0.00000e+0, 3.49063e+0, 0.00000e+0, 3.03241e+0, 0.00000e+0, 0.00000e+0, -2.94642e-1, 0.00000e+0, -4.91076e+0, 0.00000e+0, 9.91277e-2, 0.00000e+0, 4.77086e+0, 0.00000e+0, 6.96940e+1, 0.00000e+0, 2.00000e+1, 2.00000e+1, 3, 6, 
2023/07/24 22:10:44.758, 8.02406e+1, 0.00000e+0, 5.45946e+2, 0.00000e+0, 5.92563e+4, 0.00000e+0, 8.52949e+1, 0.00000e+0, 5.80334e+2, 0.00000e+0, 5.00289e+2, 0.00000e+0, 3.99113e+1, 0.00000e+0, 4.17644e+1, 0.00000e+0, 3.49028e+0, 0.00000e+0, 3.03228e+0, 0.00000e+0, 0.00000e+0, -2.94642e-1, 0.00000e+0, -4.91076e+0, 0.00000e+0, 9.80392e-2, 0.00000e+0, 4.76946e+0, 0.00000e+0, 6.96106e+1, 0.00000e+0, 2.00000e+1, 2.00000e+1, 3, 7, 
2023/07/24 22:10:54.867, 8.01848e+1, 0.00000e+0, 5.46203e+2, 0.00000e+0, 5.90327e+4, 0.00000e+0, 8.52153e+1, 0.00000e+0, 5.80469e+2, 0.00000e+0, 5.00220e+2, 0.00000e+0, 3.99054e+1, 0.00000e+0, 4.17357e+1, 0.00000e+0, 3.49018e+0, 0.00000e+0, 3.03202e+0, 0.00000e+0, 0.00000e+0, -2.94654e-1, 0.00000e+0, -4.91076e+0, 0.00000e+0, 9.89511e-2, 0.00000e+0, 4.76764e+0, 0.00000e+0, 6.95023e+1, 0.00000e+0, 2.00000e+1, 2.00000e+1, 3, 8, 
2023/07/24 22:11:05.059, 8.01101e+1, 0.00000e+0, 5.46075e+2, 0.00000e+0, 5.89691e+4, 0.00000e+0, 8.51301e+1, 0.00000e+0, 5.80294e+2, 0.00000e+0, 5.00243e+2, 0.00000e+0, 3.98863e+1, 0.00000e+0, 4.17343e+1, 0.00000e+0, 3.49019e+0, 0.00000e+0, 3.03186e+0, 0.00000e+0, 0.00000e+0, -2.94667e-1, 0.00000e+0, -4.91076e+0, 0.00000e+0, 9.80873e-2, 0.00000e+0, 4.76604e+0, 0.00000e+0, 6.94070e+1, 0.00000e+0, 2.00000e+1, 2.00000e+1, 3, 1, 
2023/07/24 22:11:15.163, 8.00323e+1, 0.00000e+0, 5.46158e+2, 0.00000e+0, 5.88016e+4, 0.00000e+0, 8.50324e+1, 0.00000e+0, 5.80280e+2, 0.00000e+0, 5.00259e+2, 0.00000e+0, 3.98764e+1, 0.00000e+0, 4.17166e+1, 0.00000e+0, 3.49069e+0, 0.00000e+0, 3.03195e+0, 0.00000e+0, 0.00000e+0, -2.94680e-1, 0.00000e+0, -4.91076e+0, 0.00000e+0, 9.90001e-2, 0.00000e+0, 4.76437e+0, 0.00000e+0, 6.93080e+1, 0.00000e+0, 2.00000e+1, 2.00000e+1, 3, 2, 
2023/07/24 22:11:25.359, 7.99491e+1, 0.00000e+0, 5.45972e+2, 0.00000e+0, 5.87231e+4, 0.00000e+0, 8.49369e+1, 0.00000e+0, 5.80033e+2, 0.00000e+0, 5.00311e+2, 0.00000e+0, 3.98722e+1, 0.00000e+0, 4.17019e+1, 0.00000e+0, 3.49043e+0, 0.00000e+0, 3.03244e+0, 0.00000e+0, 0.00000e+0, -2.94694e-1, 0.00000e+0, -4.91076e+0, 0.00000e+0, 9.80296e-2, 0.00000e+0, 4.76259e+0, 0.00000e+0, 6.92020e+1, 0.00000e+0, 2.00000e+1, 2.00000e+1, 3, 3, 
2023/07/24 22:11:35.467, 7.98782e+1, 0.00000e+0, 5.46175e+2, 0.00000e+0, 5.86332e+4, 0.00000e+0, 8.48534e+1, 0.00000e+0, 5.80193e+2, 0.00000e+0, 5.00311e+2, 0.00000e+0, 3.98580e+1, 0.00000e+0, 4.17004e+1, 0.00000e+0, 3.49039e+0, 0.00000e+0, 3.03225e+0, 0.00000e+0, 0.00000e+0, -2.94708e-1, 0.00000e+0, -4.91076e+0, 0.00000e+0, 9.89805e-2, 0.00000e+0, 4.76058e+0, 0.00000e+0, 6.90821e+1, 0.00000e+0, 2.00000e+1, 2.00000e+1, 3, 4, 
2023/07/24 22:11:45.658, 7.98146e+1, 0.00000e+0, 5.46103e+2, 0.00000e+0, 5.85235e+4, 0.00000e+0, 8.47760e+1, 0.00000e+0, 5.80049e+2, 0.00000e+0, 5.00311e+2, 0.00000e+0, 3.98457e+1, 0.00000e+0, 4.17098e+1, 0.00000e+0, 3.48990e+0, 0.00000e+0, 3.03226e+0, 0.00000e+0, 0.00000e+0, -2.94721e-1, 0.00000e+0, -4.91076e+0, 0.00000e+0, 9.81354e-2, 0.00000e+0, 4.75898e+0, 0.00000e+0, 6.89869e+1, 0.00000e+0, 2.00000e+1, 2.00000e+1, 3, 5, 
2023/07/24 22:11:55.771, 7.97255e+1, 0.00000e+0, 5.46014e+2, 0.00000e+0, 5.85874e+4, 0.00000e+0, 8.46871e+1, 0.00000e+0, 5.79995e+2, 0.00000e+0, 5.00248e+2, 0.00000e+0, 3.98368e+1, 0.00000e+0, 4.16712e+1, 0.00000e+0, 3.49019e+0, 0.00000e+0, 3.03198e+0, 0.00000e+0, 0.00000e+0, -2.94734e-1, 0.00000e+0, -4.91076e+0, 0.00000e+0, 9.87654e-2, 0.00000e+0, 4.75722e+0, 0.00000e+0, 6.88819e+1, 0.00000e+0, 2.00000e+1, 2.00000e+1, 3, 6, 
2023/07/24 22:12:05.959, 7.96418e+1, 0.00000e+0, 5.45904e+2, 0.00000e+0, 5.85519e+4, 0.00000e+0, 8.45950e+1, 0.00000e+0, 5.79855e+2, 0.00000e+0, 5.00232e+2, 0.00000e+0, 3.98273e+1, 0.00000e+0, 4.16417e+1, 0.00000e+0, 3.49001e+0, 0.00000e+0, 3.03246e+0, 0.00000e+0, 0.00000e+0, -2.94748e-1, 0.00000e+0, -4.91076e+0, 0.00000e+0, 9.82511e-2, 0.00000e+0, 4.75586e+0, 0.00000e+0, 6.88010e+1, 0.00000e+0, 2.00000e+1, 2.00000e+1, 3, 7, 
2023/07/24 22:12:16.075, 7.95678e+1, 0.00000e+0, 5.45870e+2, 0.00000e+0, 5.86490e+4, 0.00000e+0, 8.45251e+1, 0.00000e+0, 5.79880e+2, 0.00000e+0, 5.00209e+2, 0.00000e+0, 3.98235e+1, 0.00000e+0, 4.16699e+1, 0.00000e+0, 3.48971e+0, 0.00000e+0, 3.03268e+0, 0.00000e+0, 0.00000e+0, -2.94764e-1, 0.00000e+0, -4.91076e+0, 0.00000e+0, 9.88533e-2, 0.00000e+0, 4.75444e+0, 0.00000e+0, 6.87169e+1, 0.00000e+0, 2.00000e+1, 2.00000e+1, 3, 8, 
2023/07/24 22:12:26.264, 7.94546e+1, 0.00000e+0, 5.45771e+2, 0.00000e+0, 5.88045e+4, 0.00000e+0, 8.44188e+1, 0.00000e+0, 5.79870e+2, 0.00000e+0, 5.00295e+2, 0.00000e+0, 3.98103e+1, 0.00000e+0, 4.16719e+1, 0.00000e+0, 3.48969e+0, 0.00000e+0, 3.03284e+0, 0.00000e+0, 0.00000e+0, -2.94780e-1, 0.00000e+0, -4.91076e+0, 0.00000e+0, 9.81547e-2, 0.00000e+0, 4.75380e+0, 0.00000e+0, 6.86786e+1, 0.00000e+0, 2.00000e+1, 2.00000e+1, 3, 1, 
2023/07/24 22:12:36.380, 7.93396e+1, 0.00000e+0, 5.45399e+2, 0.00000e+0, 5.90421e+4, 0.00000e+0, 8.43179e+1, 0.00000e+0, 5.79621e+2, 0.00000e+0, 5.00334e+2, 0.00000e+0, 3.98026e+1, 0.00000e+0, 4.16709e+1, 0.00000e+0, 3.48968e+0, 0.00000e+0, 3.03239e+0, 0.00000e+0, 0.00000e+0, -2.94798e-1, 0.00000e+0, -4.91076e+0, 0.00000e+0, 9.88338e-2, 0.00000e+0, 4.75257e+0, 0.00000e+0, 6.86051e+1, 0.00000e+0, 2.00000e+1, 2.00000e+1, 3, 2, 
2023/07/24 22:12:46.566, 7.92519e+1, 0.00000e+0, 5.45334e+2, 0.00000e+0, 5.91171e+4, 0.00000e+0, 8.42314e+1, 0.00000e+0, 5.79598e+2, 0.00000e+0, 5.00347e+2, 0.00000e+0, 3.97920e+1, 0.00000e+0, 4.16720e+1, 0.00000e+0, 3.48979e+0, 0.00000e+0, 3.03264e+0, 0.00000e+0, 0.00000e+0, -2.94815e-1, 0.00000e+0, -4.91076e+0, 0.00000e+0, 9.82318e-2, 0.00000e+0, 4.75094e+0, 0.00000e+0, 6.85082e+1, 0.00000e+0, 2.00000e+1, 2.00000e+1, 3, 3, 
2023/07/24 22:12:56.691, 7.91945e+1, 0.00000e+0, 5.45669e+2, 0.00000e+0, 5.90699e+4, 0.00000e+0, 8.41662e+1, 0.00000e+0, 5.79925e+2, 0.00000e+0, 5.00341e+2, 0.00000e+0, 3.97868e+1, 0.00000e+0, 4.16965e+1, 0.00000e+0, 3.48944e+0, 0.00000e+0, 3.03270e+0, 0.00000e+0, 0.00000e+0, -2.94831e-1, 0.00000e+0, -4.91076e+0, 0.00000e+0, 9.86972e-2, 0.00000e+0, 4.74930e+0, 0.00000e+0, 6.84108e+1, 0.00000e+0, 2.00000e+1, 2.00000e+1, 3, 4, 
2023/07/24 22:13:06.862, 7.91350e+1, 0.00000e+0, 5.46022e+2, 0.00000e+0, 5.89795e+4, 0.00000e+0, 8.40949e+1, 0.00000e+0, 5.80244e+2, 0.00000e+0, 5.00300e+2, 0.00000e+0, 3.97746e+1, 0.00000e+0, 4.17065e+1, 0.00000e+0, 3.48957e+0, 0.00000e+0, 3.03282e+0, 0.00000e+0, 0.00000e+0, -2.94846e-1, 0.00000e+0, -4.91076e+0, 0.00000e+0, 9.83768e-2, 0.00000e+0, 4.74731e+0, 0.00000e+0, 6.82925e+1, 0.00000e+0, 2.00000e+1, 2.00000e+1, 3, 5, 
2023/07/24 22:13:17.059, 7.90939e+1, 0.00000e+0, 5.46132e+2, 0.00000e+0, 5.89972e+4, 0.00000e+0, 8.40528e+1, 0.00000e+0, 5.80372e+2, 0.00000e+0, 5.00262e+2, 0.00000e+0, 3.97645e+1, 0.00000e+0, 4.16951e+1, 0.00000e+0, 3.48915e+0, 0.00000e+0, 3.03311e+0, 0.00000e+0, 0.00000e+0, -2.94846e-1, 0.00000e+0, -4.91076e+0, 0.00000e+0, 9.80777e-2, 0.00000e+0, 4.74612e+0, 0.00000e+0, 6.82214e+1, 0.00000e+0, 2.00000e+1, 2.00000e+1, 3, 6, 
2023/07/24 22:13:27.163, 7.90302e+1, 0.00000e+0, 5.46438e+2, 0.00000e+0, 5.89347e+4, 0.00000e+0, 8.39795e+1, 0.00000e+0, 5.80658e+2, 0.00000e+0, 5.00226e+2, 0.00000e+0, 3.97551e+1, 0.00000e+0, 4.16955e+1, 0.00000e+0, 3.48903e+0, 0.00000e+0, 3.03290e+0, 0.00000e+0, 0.00000e+0, -2.94846e-1, 0.00000e+0, -4.91076e+0, 0.00000e+0, 9.89707e-2, 0.00000e+0, 4.74484e+0, 0.00000e+0, 6.81452e+1, 0.00000e+0, 2.00000e+1, 2.00000e+1, 3, 7, 
2023/07/24 22:13:37.357, 7.88940e+1, 0.00000e+0, 5.45970e+2, 0.00000e+0, 5.94135e+4, 0.00000e+0, 8.38774e+1, 0.00000e+0, 5.80457e+2, 0.00000e+0, 5.00260e+2, 0.00000e+0, 3.97442e+1, 0.00000e+0, 4.16915e+1, 0.00000e+0, 3.48897e+0, 0.00000e+0, 3.03269e+0, 0.00000e+0, 0.00000e+0, -2.94846e-1, 0.00000e+0, -4.91076e+0, 0.00000e+0, 9.81065e-2, 0.00000e+0, 4.74319e+0, 0.00000e+0, 6.80470e+1, 0.00000e+0, 2.00000e+1, 2.00000e+1, 3, 8, 
2023/07/24 22:13:47.463, 7.88285e+1, 0.00000e+0, 5.46210e+2, 0.00000e+0, 5.93701e+4, 0.00000e+0, 8.38039e+1, 0.00000e+0, 5.80685e+2, 0.00000e+0, 5.00312e+2, 0.00000e+0, 3.97350e+1, 0.00000e+0, 4.16764e+1, 0.00000e+0, 3.48863e+0, 0.00000e+0, 3.03254e+0, 0.00000e+0, 0.00000e+0, -2.94846e-1, 0.00000e+0, -4.91076e+0, 0.00000e+0, 9.89511e-2, 0.00000e+0, 4.74160e+0, 0.00000e+0, 6.79525e+1, 0.00000e+0, 2.00000e+1, 2.00000e+1, 3, 1, 
2023/07/24 22:13:57.658, 7.87813e+1, 0.00000e+0, 5.46715e+2, 0.00000e+0, 5.92456e+4, 0.00000e+0, 8.37427e+1, 0.00000e+0, 5.81146e+2, 0.00000e+0, 5.00321e+2, 0.00000e+0, 3.97254e+1, 0.00000e+0, 4.16969e+1, 0.00000e+0, 3.48822e+0, 0.00000e+0, 3.03262e+0, 0.00000e+0, 0.00000e+0, -2.94846e-1, 0.00000e+0, -4.91076e+0, 0.00000e+0, 9.80777e-2, 0.00000e+0, 4.74007e+0, 0.00000e+0, 6.78613e+1, 0.00000e+0, 2.00000e+1, 2.00000e+1, 3, 2, 
2023/07/24 22:14:07.763, 7.87408e+1, 0.00000e+0, 5.47328e+2, 0.00000e+0, 5.90338e+4, 0.00000e+0, 8.36808e+1, 0.00000e+0, 5.81666e+2, 0.00000e+0, 5.00322e+2, 0.00000e+0, 3.97180e+1, 0.00000e+0, 4.17048e+1, 0.00000e+0, 3.48812e+0, 0.00000e+0, 3.03233e+0, 0.00000e+0, 0.00000e+0, -2.94846e-1, 0.00000e+0, -4.91076e+0, 0.00000e+0, 9.89511e-2, 0.00000e+0, 4.73844e+0, 0.00000e+0, 6.77645e+1, 0.00000e+0, 2.00000e+1, 2.00000e+1, 3, 3, 
2023/07/24 22:14:17.959, 7.87087e+1, 0.00000e+0, 5.47848e+2, 0.00000e+0, 5.88955e+4, 0.00000e+0, 8.36343e+1, 0.00000e+0, 5.82133e+2, 0.00000e+0, 5.00307e+2, 0.00000e+0, 3.97061e+1, 0.00000e+0, 4.16793e+1, 0.00000e+0, 3.48776e+0, 0.00000e+0, 3.03222e+0, 0.00000e+0, 0.00000e+0, -2.94846e-1, 0.00000e+0, -4.91076e+0, 0.00000e+0, 9.81065e-2, 0.00000e+0, 4.73697e+0, 0.00000e+0, 6.76770e+1, 0.00000e+0, 2.00000e+1, 2.00000e+1, 3, 4, 
2023/07/24 22:14:28.065, 7.86498e+1, 0.00000e+0, 5.48142e+2, 0.00000e+0, 5.87872e+4, 0.00000e+0, 8.35622e+1, 0.00000e+0, 5.82378e+2, 0.00000e+0, 5.00266e+2, 0.00000e+0, 3.96985e+1, 0.00000e+0, 4.16775e+1, 0.00000e+0, 3.48789e+0, 0.00000e+0, 3.03214e+0, 0.00000e+0, 0.00000e+0, -2.94846e-1, 0.00000e+0, -4.91076e+0, 0.00000e+0, 9.89413e-2, 0.00000e+0, 4.73529e+0, 0.00000e+0, 6.75765e+1, 0.00000e+0, 2.00000e+1, 2.00000e+1, 3, 5, 
2023/07/24 22:14:38.259, 7.86055e+1, 0.00000e+0, 5.48434e+2, 0.00000e+0, 5.87905e+4, 0.00000e+0, 8.35154e+1, 0.00000e+0, 5.82690e+2, 0.00000e+0, 5.00259e+2, 0.00000e+0, 3.96917e+1, 0.00000e+0, 4.17178e+1, 0.00000e+0, 3.48731e+0, 0.00000e+0, 3.03213e+0, 0.00000e+0, 0.00000e+0, -2.94846e-1, 0.00000e+0, -4.91076e+0, 0.00000e+0, 9.80777e-2, 0.00000e+0, 4.73358e+0, 0.00000e+0, 6.74749e+1, 0.00000e+0, 2.00000e+1, 2.00000e+1, 3, 6, 
2023/07/24 22:14:48.370, 7.85269e+1, 0.00000e+0, 5.48469e+2, 0.00000e+0, 5.88916e+4, 0.00000e+0, 8.34409e+1, 0.00000e+0, 5.82790e+2, 0.00000e+0, 5.00281e+2, 0.00000e+0, 3.96835e+1, 0.00000e+0, 4.17379e+1, 0.00000e+0, 3.48683e+0, 0.00000e+0, 3.03202e+0, 0.00000e+0, 0.00000e+0, -2.94846e-1, 0.00000e+0, -4.91076e+0, 0.00000e+0, 9.89609e-2, 0.00000e+0, 4.73218e+0, 0.00000e+0, 6.73918e+1, 0.00000e+0, 2.00000e+1, 2.00000e+1, 3, 7, 
2023/07/24 22:14:58.560, 7.84322e+1, 0.00000e+0, 5.48482e+2, 0.00000e+0, 5.89780e+4, 0.00000e+0, 8.33479e+1, 0.00000e+0, 5.82858e+2, 0.00000e+0, 5.00319e+2, 0.00000e+0, 3.96747e+1, 0.00000e+0, 4.17559e+1, 0.00000e+0, 3.48695e+0, 0.00000e+0, 3.03183e+0, 0.00000e+0, 0.00000e+0, -2.94846e-1, 0.00000e+0, -4.91076e+0, 0.00000e+0, 9.81065e-2, 0.00000e+0, 4.73043e+0, 0.00000e+0, 6.72876e+1, 0.00000e+0, 2.00000e+1, 2.00000e+1, 3, 8, 
2023/07/24 22:15:08.674, 7.83856e+1, 0.00000e+0, 5.48866e+2, 0.00000e+0, 5.87352e+4, 0.00000e+0, 8.32768e+1, 0.00000e+0, 5.83115e+2, 0.00000e+0, 5.00341e+2, 0.00000e+0, 3.96623e+1, 0.00000e+0, 4.17135e+1, 0.00000e+0, 3.48675e+0, 0.00000e+0, 3.03222e+0, 0.00000e+0, 0.00000e+0, -2.94846e-1, 0.00000e+0, -4.91076e+0, 0.00000e+0, 9.88728e-2, 0.00000e+0, 4.72894e+0, 0.00000e+0, 6.71989e+1, 0.00000e+0, 2.00000e+1, 2.00000e+1, 3, 1, 
2023/07/24 22:15:18.858, 7.83558e+1, 0.00000e+0, 5.49455e+2, 0.00000e+0, 5.84194e+4, 0.00000e+0, 8.32173e+1, 0.00000e+0, 5.83545e+2, 0.00000e+0, 5.00304e+2, 0.00000e+0, 3.96532e+1, 0.00000e+0, 4.16952e+1, 0.00000e+0, 3.48676e+0, 0.00000e+0, 3.03209e+0, 0.00000e+0, 0.00000e+0, -2.94846e-1, 0.00000e+0, -4.91076e+0, 0.00000e+0, 9.82222e-2, 0.00000e+0, 4.72735e+0, 0.00000e+0, 6.71044e+1, 0.00000e+0, 2.00000e+1, 2.00000e+1, 3, 2, 
2023/07/24 22:15:28.979, 7.82988e+1, 0.00000e+0, 5.49753e+2, 0.00000e+0, 5.82096e+4, 0.00000e+0, 8.31383e+1, 0.00000e+0, 5.83732e+2, 0.00000e+0, 5.00310e+2, 0.00000e+0, 3.96436e+1, 0.00000e+0, 4.16786e+1, 0.00000e+0, 3.48688e+0, 0.00000e+0, 3.03182e+0, 0.00000e+0, 0.00000e+0, -2.94846e-1, 0.00000e+0, -4.91076e+0, 0.00000e+0, 9.87947e-2, 0.00000e+0, 4.72580e+0, 0.00000e+0, 6.70121e+1, 0.00000e+0, 2.00000e+1, 2.00000e+1, 3, 3, 
2023/07/24 22:15:39.160, 7.82656e+1, 0.00000e+0, 5.50244e+2, 0.00000e+0, 5.78864e+4, 0.00000e+0, 8.30745e+1, 0.00000e+0, 5.84053e+2, 0.00000e+0, 5.00276e+2, 0.00000e+0, 3.96347e+1, 0.00000e+0, 4.16684e+1, 0.00000e+0, 3.48669e+0, 0.00000e+0, 3.03191e+0, 0.00000e+0, 0.00000e+0, -2.94846e-1, 0.00000e+0, -4.91076e+0, 0.00000e+0, 9.82318e-2, 0.00000e+0, 4.72400e+0, 0.00000e+0, 6.69047e+1, 0.00000e+0, 2.00000e+1, 2.00000e+1, 3, 4, 
2023/07/24 22:15:49.283, 7.82649e+1, 0.00000e+0, 5.51317e+2, 0.00000e+0, 5.71828e+4, 0.00000e+0, 8.30117e+1, 0.00000e+0, 5.84755e+2, 0.00000e+0, 5.00277e+2, 0.00000e+0, 3.96261e+1, 0.00000e+0, 4.16098e+1, 0.00000e+0, 3.48735e+0, 0.00000e+0, 3.03215e+0, 0.00000e+0, 0.00000e+0, -2.94846e-1, 0.00000e+0, -4.91076e+0, 0.00000e+0, 9.87947e-2, 0.00000e+0, 4.72274e+0, 0.00000e+0, 6.68295e+1, 0.00000e+0, 2.00000e+1, 2.00000e+1, 3, 5, 
2023/07/24 22:15:59.460, 7.82430e+1, 0.00000e+0, 5.52123e+2, 0.00000e+0, 5.65543e+4, 0.00000e+0, 8.29332e+1, 0.00000e+0, 5.85219e+2, 0.00000e+0, 5.00284e+2, 0.00000e+0, 3.96198e+1, 0.00000e+0, 4.16041e+1, 0.00000e+0, 3.48748e+0, 0.00000e+0, 3.03210e+0, 0.00000e+0, 0.00000e+0, -2.94846e-1, 0.00000e+0, -4.91076e+0, 0.00000e+0, 9.82801e-2, 0.00000e+0, 4.72125e+0, 0.00000e+0, 6.67412e+1, 0.00000e+0, 2.00000e+1, 2.00000e+1, 3, 6, 
2023/07/24 22:16:09.587, 7.81915e+1, 0.00000e+0, 5.52452e+2, 0.00000e+0, 5.62091e+4, 0.00000e+0, 8.28484e+1, 0.00000e+0, 5.85354e+2, 0.00000e+0, 5.00324e+2, 0.00000e+0, 3.96115e+1, 0.00000e+0, 4.16090e+1, 0.00000e+0, 3.48771e+0, 0.00000e+0, 3.03236e+0, 0.00000e+0, 0.00000e+0, -2.94846e-1, 0.00000e+0, -4.91076e+0, 0.00000e+0, 9.87264e-2, 0.00000e+0, 4.71897e+0, 0.00000e+0, 6.66052e+1, 0.00000e+0, 2.00000e+1, 2.00000e+1, 3, 7, 
2023/07/24 22:16:19.761, 7.81262e+1, 0.00000e+0, 5.52552e+2, 0.00000e+0, 5.61451e+4, 0.00000e+0, 8.27735e+1, 0.00000e+0, 5.85420e+2, 0.00000e+0, 5.00319e+2, 0.00000e+0, 3.96012e+1, 0.00000e+0, 4.15753e+1, 0.00000e+0, 3.48764e+0, 0.00000e+0, 3.03225e+0, 0.00000e+0, 0.00000e+0, -2.94846e-1, 0.00000e+0, -4.91076e+0, 0.00000e+0, 9.82994e-2, 0.00000e+0, 4.71710e+0, 0.00000e+0, 6.64941e+1, 0.00000e+0, 2.00000e+1, 2.00000e+1, 3, 8, 
2023/07/24 22:16:29.959, 7.80266e+1, 0.00000e+0, 5.52307e+2, 0.00000e+0, 5.61763e+4, 0.00000e+0, 8.26708e+1, 0.00000e+0, 5.85180e+2, 0.00000e+0, 5.00324e+2, 0.00000e+0, 3.95927e+1, 0.00000e+0, 4.15627e+1, 0.00000e+0, 3.48783e+0, 0.00000e+0, 3.03229e+0, 0.00000e+0, 0.00000e+0, -2.94846e-1, 0.00000e+0, -4.91076e+0, 0.00000e+0, 9.80873e-2, 0.00000e+0, 4.71557e+0, 0.00000e+0, 6.64032e+1, 0.00000e+0, 2.00000e+1, 2.00000e+1, 3, 1, 
2023/07/24 22:16:40.060, 7.79526e+1, 0.00000e+0, 5.52092e+2, 0.00000e+0, 5.62537e+4, 0.00000e+0, 8.25991e+1, 0.00000e+0, 5.85001e+2, 0.00000e+0, 5.00296e+2, 0.00000e+0, 3.95830e+1, 0.00000e+0, 4.15670e+1, 0.00000e+0, 3.48754e+0, 0.00000e+0, 3.03217e+0, 0.00000e+0, 0.00000e+0, -2.94846e-1, 0.00000e+0, -4.91076e+0, 0.00000e+0, 9.90491e-2, 0.00000e+0, 4.71404e+0, 0.00000e+0, 6.63121e+1, 0.00000e+0, 2.00000e+1, 2.00000e+1, 3, 2, 
2023/07/24 22:16:50.259, 7.78866e+1, 0.00000e+0, 5.52063e+2, 0.00000e+0, 5.61503e+4, 0.00000e+0, 8.25201e+1, 0.00000e+0, 5.84906e+2, 0.00000e+0, 5.00261e+2, 0.00000e+0, 3.95768e+1, 0.00000e+0, 4.16045e+1, 0.00000e+0, 3.48752e+0, 0.00000e+0, 3.03260e+0, 0.00000e+0, 0.00000e+0, -2.94846e-1, 0.00000e+0, -4.91076e+0, 0.00000e+0, 9.79240e-2, 0.00000e+0, 4.71248e+0, 0.00000e+0, 6.62189e+1, 0.00000e+0, 2.00000e+1, 2.00000e+1, 3, 3, 
2023/07/24 22:17:00.359, 7.78204e+1, 0.00000e+0, 5.52186e+2, 0.00000e+0, 5.60497e+4, 0.00000e+0, 8.24412e+1, 0.00000e+0, 5.84973e+2, 0.00000e+0, 5.00246e+2, 0.00000e+0, 3.95663e+1, 0.00000e+0, 4.16241e+1, 0.00000e+0, 3.48765e+0, 0.00000e+0, 3.03217e+0, 0.00000e+0, 0.00000e+0, -2.94846e-1, 0.00000e+0, -4.91076e+0, 0.00000e+0, 9.90982e-2, 0.00000e+0, 4.71126e+0, 0.00000e+0, 6.61464e+1, 0.00000e+0, 2.00000e+1, 2.00000e+1, 3, 4, 
2023/07/24 22:17:10.559, 7.77537e+1, 0.00000e+0, 5.52026e+2, 0.00000e+0, 5.60216e+4, 0.00000e+0, 8.23681e+1, 0.00000e+0, 5.84787e+2, 0.00000e+0, 5.00267e+2, 0.00000e+0, 3.95609e+1, 0.00000e+0, 4.16330e+1, 0.00000e+0, 3.48722e+0, 0.00000e+0, 3.03251e+0, 0.00000e+0, 0.00000e+0, -2.94846e-1, 0.00000e+0, -4.91076e+0, 0.00000e+0, 9.80488e-2, 0.00000e+0, 4.71013e+0, 0.00000e+0, 6.60793e+1, 0.00000e+0, 2.00000e+1, 2.00000e+1, 3, 5, 
2023/07/24 22:17:20.662, 7.76514e+1, 0.00000e+0, 5.51770e+2, 0.00000e+0, 5.60887e+4, 0.00000e+0, 8.22655e+1, 0.00000e+0, 5.84557e+2, 0.00000e+0, 5.00319e+2, 0.00000e+0, 3.95571e+1, 0.00000e+0, 4.16354e+1, 0.00000e+0, 3.48758e+0, 0.00000e+0, 3.03230e+0, 0.00000e+0, 0.00000e+0, -2.94846e-1, 0.00000e+0, -4.91076e+0, 0.00000e+0, 9.89805e-2, 0.00000e+0, 4.70872e+0, 0.00000e+0, 6.59950e+1, 0.00000e+0, 2.00000e+1, 2.00000e+1, 3, 6, 
2023/07/24 22:17:30.859, 7.75752e+1, 0.00000e+0, 5.51775e+2, 0.00000e+0, 5.60755e+4, 0.00000e+0, 8.21837e+1, 0.00000e+0, 5.84554e+2, 0.00000e+0, 5.00339e+2, 0.00000e+0, 3.95524e+1, 0.00000e+0, 4.16273e+1, 0.00000e+0, 3.48725e+0, 0.00000e+0, 3.03253e+0, 0.00000e+0, 0.00000e+0, -2.94846e-1, 0.00000e+0, -4.91076e+0, 0.00000e+0, 9.80969e-2, 0.00000e+0, 4.70723e+0, 0.00000e+0, 6.59065e+1, 0.00000e+0, 2.00000e+1, 2.00000e+1, 3, 7, 
2023/07/24 22:17:40.962, 7.75087e+1, 0.00000e+0, 5.51764e+2, 0.00000e+0, 5.61230e+4, 0.00000e+0, 8.21174e+1, 0.00000e+0, 5.84572e+2, 0.00000e+0, 5.00320e+2, 0.00000e+0, 3.95450e+1, 0.00000e+0, 4.16241e+1, 0.00000e+0, 3.48672e+0, 0.00000e+0, 3.03268e+0, 0.00000e+0, 0.00000e+0, -2.94846e-1, 0.00000e+0, -4.91076e+0, 0.00000e+0, 9.90099e-2, 0.00000e+0, 4.70550e+0, 0.00000e+0, 6.58034e+1, 0.00000e+0, 2.00000e+1, 2.00000e+1, 3, 8, 
2023/07/24 22:17:51.155, 7.74166e+1, 0.00000e+0, 5.51836e+2, 0.00000e+0, 5.62616e+4, 0.00000e+0, 8.20319e+1, 0.00000e+0, 5.84734e+2, 0.00000e+0, 5.00307e+2, 0.00000e+0, 3.95338e+1, 0.00000e+0, 4.16297e+1, 0.00000e+0, 3.48713e+0, 0.00000e+0, 3.03242e+0, 0.00000e+0, 0.00000e+0, -2.94846e-1, 0.00000e+0, -4.91076e+0, 0.00000e+0, 9.81065e-2, 0.00000e+0, 4.70398e+0, 0.00000e+0, 6.57131e+1, 0.00000e+0, 2.00000e+1, 2.00000e+1, 3, 1, 
2023/07/24 22:18:01.266, 7.73579e+1, 0.00000e+0, 5.51652e+2, 0.00000e+0, 5.64772e+4, 0.00000e+0, 8.19883e+1, 0.00000e+0, 5.84673e+2, 0.00000e+0, 5.00273e+2, 0.00000e+0, 3.95257e+1, 0.00000e+0, 4.16197e+1, 0.00000e+0, 3.48640e+0, 0.00000e+0, 3.03246e+0, 0.00000e+0, 0.00000e+0, -2.94846e-1, 0.00000e+0, -4.91076e+0, 0.00000e+0, 9.88631e-2, 0.00000e+0, 4.70218e+0, 0.00000e+0, 6.56061e+1, 0.00000e+0, 2.00000e+1, 2.00000e+1, 3, 2, 
2023/07/24 22:18:11.456, 7.72665e+1, 0.00000e+0, 5.51536e+2, 0.00000e+0, 5.66649e+4, 0.00000e+0, 8.19078e+1, 0.00000e+0, 5.84666e+2, 0.00000e+0, 5.00253e+2, 0.00000e+0, 3.95207e+1, 0.00000e+0, 4.16156e+1, 0.00000e+0, 3.48660e+0, 0.00000e+0, 3.03259e+0, 0.00000e+0, 0.00000e+0, -2.94846e-1, 0.00000e+0, -4.91075e+0, 0.00000e+0, 9.81162e-2, 0.00000e+0, 4.70083e+0, 0.00000e+0, 6.55256e+1, 0.00000e+0, 2.00000e+1, 2.00000e+1, 3, 3, 
2023/07/24 22:18:21.571, 7.71708e+1, 0.00000e+0, 5.51364e+2, 0.00000e+0, 5.67969e+4, 0.00000e+0, 8.18178e+1, 0.00000e+0, 5.84566e+2, 0.00000e+0, 5.00279e+2, 0.00000e+0, 3.95089e+1, 0.00000e+0, 4.15786e+1, 0.00000e+0, 3.48653e+0, 0.00000e+0, 3.03268e+0, 0.00000e+0, 0.00000e+0, -2.94846e-1, 0.00000e+0, -4.91074e+0, 0.00000e+0, 9.88924e-2, 0.00000e+0, 4.69925e+0, 0.00000e+0, 6.54318e+1, 0.00000e+0, 2.00000e+1, 2.00000e+1, 3, 4, 
2023/07/24 22:18:31.755, 7.71049e+1, 0.00000e+0, 5.51569e+2, 0.00000e+0, 5.68751e+4, 0.00000e+0, 8.17547e+1, 0.00000e+0, 5.84831e+2, 0.00000e+0, 5.00310e+2, 0.00000e+0, 3.94981e+1, 0.00000e+0, 4.15710e+1, 0.00000e+0, 3.48632e+0, 0.00000e+0, 3.03250e+0, 0.00000e+0, 0.00000e+0, -2.94846e-1, 0.00000e+0, -4.91072e+0, 0.00000e+0, 9.82318e-2, 0.00000e+0, 4.69797e+0, 0.00000e+0, 6.53551e+1, 0.00000e+0, 2.00000e+1, 2.00000e+1, 3, 5, 
2023/07/24 22:18:41.875, 7.70492e+1, 0.00000e+0, 5.51894e+2, 0.00000e+0, 5.67617e+4, 0.00000e+0, 8.16858e+1, 0.00000e+0, 5.85105e+2, 0.00000e+0, 5.00329e+2, 0.00000e+0, 3.94899e+1, 0.00000e+0, 4.15701e+1, 0.00000e+0, 3.48618e+0, 0.00000e+0, 3.03269e+0, 0.00000e+0, 0.00000e+0, -2.94846e-1, 0.00000e+0, -4.91071e+0, 0.00000e+0, 9.87459e-2, 0.00000e+0, 4.69644e+0, 0.00000e+0, 6.52643e+1, 0.00000e+0, 2.00000e+1, 2.00000e+1, 3, 6, 
2023/07/24 22:18:52.059, 7.69975e+1, 0.00000e+0, 5.52319e+2, 0.00000e+0, 5.65185e+4, 0.00000e+0, 8.16100e+1, 0.00000e+0, 5.85405e+2, 0.00000e+0, 5.00345e+2, 0.00000e+0, 3.94868e+1, 0.00000e+0, 4.15971e+1, 0.00000e+0, 3.48592e+0, 0.00000e+0, 3.03230e+0, 0.00000e+0, 0.00000e+0, -2.94846e-1, 0.00000e+0, -4.91071e+0, 0.00000e+0, 9.82608e-2, 0.00000e+0, 4.69500e+0, 0.00000e+0, 6.51784e+1, 0.00000e+0, 2.00000e+1, 2.00000e+1, 3, 7, 
2023/07/24 22:19:02.179, 7.69598e+1, 0.00000e+0, 5.52851e+2, 0.00000e+0, 5.61878e+4, 0.00000e+0, 8.15414e+1, 0.00000e+0, 5.85764e+2, 0.00000e+0, 5.00320e+2, 0.00000e+0, 3.94789e+1, 0.00000e+0, 4.16151e+1, 0.00000e+0, 3.48603e+0, 0.00000e+0, 3.03279e+0, 0.00000e+0, 0.00000e+0, -2.94846e-1, 0.00000e+0, -4.91071e+0, 0.00000e+0, 9.87752e-2, 0.00000e+0, 4.69312e+0, 0.00000e+0, 6.50668e+1, 0.00000e+0, 2.00000e+1, 2.00000e+1, 3, 8, 
2023/07/24 22:19:12.359, 7.69173e+1, 0.00000e+0, 5.53380e+2, 0.00000e+0, 5.59592e+4, 0.00000e+0, 8.14767e+1, 0.00000e+0, 5.86183e+2, 0.00000e+0, 5.00279e+2, 0.00000e+0, 3.94695e+1, 0.00000e+0, 4.15931e+1, 0.00000e+0, 3.48608e+0, 0.00000e+0, 3.03261e+0, 0.00000e+0, 0.00000e+0, -2.94846e-1, 0.00000e+0, -4.91071e+0, 0.00000e+0, 9.82511e-2, 0.00000e+0, 4.69161e+0, 0.00000e+0, 6.49768e+1, 0.00000e+0, 2.00000e+1, 2.00000e+1, 3, 1, 
2023/07/24 22:19:22.483, 7.68698e+1, 0.00000e+0, 5.53718e+2, 0.00000e+0, 5.58027e+4, 0.00000e+0, 8.14128e+1, 0.00000e+0, 5.86443e+2, 0.00000e+0, 5.00239e+2, 0.00000e+0, 3.94640e+1, 0.00000e+0, 4.16009e+1, 0.00000e+0, 3.48606e+0, 0.00000e+0, 3.03220e+0, 0.00000e+0, 0.00000e+0, -2.94846e-1, 0.00000e+0, -4.91071e+0, 0.00000e+0, 9.87947e-2, 0.00000e+0, 4.69014e+0, 0.00000e+0, 6.48890e+1, 0.00000e+0, 2.00000e+1, 2.00000e+1, 3, 2, 
2023/07/24 22:19:32.662, 7.68102e+1, 0.00000e+0, 5.54083e+2, 0.00000e+0, 5.56225e+4, 0.00000e+0, 8.13342e+1, 0.00000e+0, 5.86717e+2, 0.00000e+0, 5.00272e+2, 0.00000e+0, 3.94566e+1, 0.00000e+0, 4.15949e+1, 0.00000e+0, 3.48585e+0, 0.00000e+0, 3.03224e+0, 0.00000e+0, 0.00000e+0, -2.94846e-1, 0.00000e+0, -4.91072e+0, 0.00000e+0, 9.82222e-2, 0.00000e+0, 4.68921e+0, 0.00000e+0, 6.48337e+1, 0.00000e+0, 2.00000e+1, 2.00000e+1, 3, 3, 
2023/07/24 22:19:42.860, 7.67299e+1, 0.00000e+0, 5.54196e+2, 0.00000e+0, 5.54864e+4, 0.00000e+0, 8.12375e+1, 0.00000e+0, 5.86753e+2, 0.00000e+0, 5.00304e+2, 0.00000e+0, 3.94488e+1, 0.00000e+0, 4.15796e+1, 0.00000e+0, 3.48612e+0, 0.00000e+0, 3.03242e+0, 0.00000e+0, 0.00000e+0, -2.94846e-1, 0.00000e+0, -4.91074e+0, 0.00000e+0, 9.80873e-2, 0.00000e+0, 4.68751e+0, 0.00000e+0, 6.47329e+1, 0.00000e+0, 2.00000e+1, 2.00000e+1, 3, 4, 
2023/07/24 22:19:52.960, 7.66657e+1, 0.00000e+0, 5.54342e+2, 0.00000e+0, 5.53795e+4, 0.00000e+0, 8.11603e+1, 0.00000e+0, 5.86841e+2, 0.00000e+0, 5.00322e+2, 0.00000e+0, 3.94471e+1, 0.00000e+0, 4.15466e+1, 0.00000e+0, 3.48552e+0, 0.00000e+0, 3.03258e+0, 0.00000e+0, 0.00000e+0, -2.94846e-1, 0.00000e+0, -4.91076e+0, 0.00000e+0, 9.90001e-2, 0.00000e+0, 4.68626e+0, 0.00000e+0, 6.46586e+1, 0.00000e+0, 2.00000e+1, 2.00000e+1, 3, 5, 
2023/07/24 22:20:03.161, 7.65977e+1, 0.00000e+0, 5.54437e+2, 0.00000e+0, 5.53098e+4, 0.00000e+0, 8.10823e+1, 0.00000e+0, 5.86898e+2, 0.00000e+0, 5.00323e+2, 0.00000e+0, 3.94387e+1, 0.00000e+0, 4.15457e+1, 0.00000e+0, 3.48556e+0, 0.00000e+0, 3.03248e+0, 0.00000e+0, 0.00000e+0, -2.94846e-1, 0.00000e+0, -4.91076e+0, 0.00000e+0, 9.80873e-2, 0.00000e+0, 4.68471e+0, 0.00000e+0, 6.45661e+1, 0.00000e+0, 2.00000e+1, 2.00000e+1, 3, 6, 
2023/07/24 22:20:13.261, 7.65503e+1, 0.00000e+0, 5.54955e+2, 0.00000e+0, 5.50816e+4, 0.00000e+0, 8.10126e+1, 0.00000e+0, 5.87304e+2, 0.00000e+0, 5.00300e+2, 0.00000e+0, 3.94375e+1, 0.00000e+0, 4.15543e+1, 0.00000e+0, 3.48535e+0, 0.00000e+0, 3.03233e+0, 0.00000e+0, 0.00000e+0, -2.94846e-1, 0.00000e+0, -4.91076e+0, 0.00000e+0, 9.90393e-2, 0.00000e+0, 4.68320e+0, 0.00000e+0, 6.44764e+1, 0.00000e+0, 2.00000e+1, 2.00000e+1, 3, 7, 
2023/07/24 22:20:23.455, 7.64639e+1, 0.00000e+0, 5.54536e+2, 0.00000e+0, 5.52129e+4, 0.00000e+0, 8.09324e+1, 0.00000e+0, 5.86943e+2, 0.00000e+0, 5.00271e+2, 0.00000e+0, 3.94280e+1, 0.00000e+0, 4.15450e+1, 0.00000e+0, 3.48544e+0, 0.00000e+0, 3.03223e+0, 0.00000e+0, 0.00000e+0, -2.94846e-1, 0.00000e+0, -4.91076e+0, 0.00000e+0, 9.80873e-2, 0.00000e+0, 4.68189e+0, 0.00000e+0, 6.43980e+1, 0.00000e+0, 2.00000e+1, 2.00000e+1, 3, 8, 

