SN:3K430000012749 BD:Apr 19 2021 VC:7d9ffae MD5:34e03199e6006f2831fb02c414d62259
                     Time,      [CH4]_ppm,   [CH4]_ppm_sd,      [CO2]_ppm,   [CO2]_ppm_sd,      [H2O]_ppm,   [H2O]_ppm_sd,     [CH4]d_ppm,  [CH4]d_ppm_sd,     [CO2]d_ppm,  [CO2]d_ppm_sd,      GasP_torr,   GasP_torr_sd,         GasT_C,      GasT_C_sd,         AmbT_C,      AmbT_C_sd,         RD0_us,      RD0_us_sd,         RD1_us,      RD1_us_sd,     RD0_raw_us,         LTC0_v,      LTC0_v_sd,         LTC1_v,      LTC1_v_sd,             HZ,          HZ_sd,         Batt_v,      Batt_v_sd,        BattPer,     BattPer_sd, Temp_Status_mA,Analyzer_Status_mA,       Fit_Flag,      MIU_VALVE,       MIU_DESC
2023/07/24 19:38:17.890, 3.50583e+2, 0.00000e+0, 6.17552e+2, 0.00000e+0, 3.82164e+4, 0.00000e+0, 3.64514e+2, 0.00000e+0, 6.42090e+2, 0.00000e+0, 5.00440e+2, 0.00000e+0, 3.70778e+1, 0.00000e+0, 4.00306e+1, 0.00000e+0, 3.87653e+0, 0.00000e+0, 3.03528e+0, 0.00000e+0, 0.00000e+0, -2.95107e-1, 0.00000e+0, -4.91191e+0, 0.00000e+0, 9.86291e-2, 0.00000e+0, 4.75725e+0, 0.00000e+0, 6.88842e+1, 0.00000e+0, 2.00000e+1, 2.00000e+1, 3, 6, 
2023/07/24 19:38:28.068, 3.50314e+2, 0.00000e+0, 6.17659e+2, 0.00000e+0, 3.82337e+4, 0.00000e+0, 3.64240e+2, 0.00000e+0, 6.42213e+2, 0.00000e+0, 5.00408e+2, 0.00000e+0, 3.70801e+1, 0.00000e+0, 4.00322e+1, 0.00000e+0, 3.87660e+0, 0.00000e+0, 3.03522e+0, 0.00000e+0, 0.00000e+0, -2.95107e-1, 0.00000e+0, -4.91191e+0, 0.00000e+0, 9.83768e-2, 0.00000e+0, 4.75615e+0, 0.00000e+0, 6.88182e+1, 0.00000e+0, 2.00000e+1, 2.00000e+1, 3, 7, 
2023/07/24 19:38:38.194, 3.49925e+2, 0.00000e+0, 6.17500e+2, 0.00000e+0, 3.82276e+4, 0.00000e+0, 3.63834e+2, 0.00000e+0, 6.42044e+2, 0.00000e+0, 5.00375e+2, 0.00000e+0, 3.70794e+1, 0.00000e+0, 4.00366e+1, 0.00000e+0, 3.87618e+0, 0.00000e+0, 3.03553e+0, 0.00000e+0, 0.00000e+0, -2.95107e-1, 0.00000e+0, -4.91191e+0, 0.00000e+0, 9.87557e-2, 0.00000e+0, 4.75437e+0, 0.00000e+0, 6.87124e+1, 0.00000e+0, 2.00000e+1, 2.00000e+1, 3, 8, 
2023/07/24 19:38:48.365, 3.49900e+2, 0.00000e+0, 6.17472e+2, 0.00000e+0, 3.82978e+4, 0.00000e+0, 3.63834e+2, 0.00000e+0, 6.42062e+2, 0.00000e+0, 5.00101e+2, 0.00000e+0, 3.70848e+1, 0.00000e+0, 4.00507e+1, 0.00000e+0, 3.87553e+0, 0.00000e+0, 3.03550e+0, 0.00000e+0, 0.00000e+0, -2.95107e-1, 0.00000e+0, -4.91191e+0, 0.00000e+0, 9.83865e-2, 0.00000e+0, 4.75289e+0, 0.00000e+0, 6.86246e+1, 0.00000e+0, 2.00000e+1, 2.00000e+1, 3, 1, 
2023/07/24 19:38:58.498, 3.47792e+2, 0.00000e+0, 6.11615e+2, 0.00000e+0, 3.80095e+4, 0.00000e+0, 3.61534e+2, 0.00000e+0, 6.35781e+2, 0.00000e+0, 5.00313e+2, 0.00000e+0, 3.70887e+1, 0.00000e+0, 4.00517e+1, 0.00000e+0, 3.87121e+0, 0.00000e+0, 3.03481e+0, 0.00000e+0, 0.00000e+0, -2.95107e-1, 0.00000e+0, -4.91192e+0, 0.00000e+0, 9.86193e-2, 0.00000e+0, 4.75110e+0, 0.00000e+0, 6.85181e+1, 0.00000e+0, 2.00000e+1, 2.00000e+1, 3, 2, 
2023/07/24 19:39:08.669, 3.47065e+2, 0.00000e+0, 6.09046e+2, 0.00000e+0, 4.10785e+4, 0.00000e+0, 3.61933e+2, 0.00000e+0, 6.35136e+2, 0.00000e+0, 5.00416e+2, 0.00000e+0, 3.70891e+1, 0.00000e+0, 4.00552e+1, 0.00000e+0, 3.86854e+0, 0.00000e+0, 3.03504e+0, 0.00000e+0, 0.00000e+0, -2.95107e-1, 0.00000e+0, -4.91193e+0, 0.00000e+0, 9.83187e-2, 0.00000e+0, 4.74982e+0, 0.00000e+0, 6.84418e+1, 0.00000e+0, 2.00000e+1, 2.00000e+1, 3, 3, 
2023/07/24 19:39:18.862, 3.47488e+2, 0.00000e+0, 6.12110e+2, 0.00000e+0, 4.11603e+4, 0.00000e+0, 3.62405e+2, 0.00000e+0, 6.38387e+2, 0.00000e+0, 5.00309e+2, 0.00000e+0, 3.70909e+1, 0.00000e+0, 4.00546e+1, 0.00000e+0, 3.87059e+0, 0.00000e+0, 3.03502e+0, 0.00000e+0, 0.00000e+0, -2.95107e-1, 0.00000e+0, -4.91194e+0, 0.00000e+0, 9.81451e-2, 0.00000e+0, 4.74832e+0, 0.00000e+0, 6.83525e+1, 0.00000e+0, 2.00000e+1, 2.00000e+1, 3, 4, 
2023/07/24 19:39:28.973, 3.47558e+2, 0.00000e+0, 6.13431e+2, 0.00000e+0, 4.06646e+4, 0.00000e+0, 3.62290e+2, 0.00000e+0, 6.39433e+2, 0.00000e+0, 5.00115e+2, 0.00000e+0, 3.70930e+1, 0.00000e+0, 4.00656e+1, 0.00000e+0, 3.87060e+0, 0.00000e+0, 3.03535e+0, 0.00000e+0, 0.00000e+0, -2.95107e-1, 0.00000e+0, -4.91195e+0, 0.00000e+0, 9.89413e-2, 0.00000e+0, 4.74661e+0, 0.00000e+0, 6.82508e+1, 0.00000e+0, 2.00000e+1, 2.00000e+1, 3, 5, 
2023/07/24 19:39:39.166, 3.45855e+2, 0.00000e+0, 6.08874e+2, 0.00000e+0, 4.16352e+4, 0.00000e+0, 3.60880e+2, 0.00000e+0, 6.35326e+2, 0.00000e+0, 5.00179e+2, 0.00000e+0, 3.70936e+1, 0.00000e+0, 4.00570e+1, 0.00000e+0, 3.86752e+0, 0.00000e+0, 3.03467e+0, 0.00000e+0, 0.00000e+0, -2.95107e-1, 0.00000e+0, -4.91197e+0, 0.00000e+0, 9.80681e-2, 0.00000e+0, 4.74507e+0, 0.00000e+0, 6.81590e+1, 0.00000e+0, 2.00000e+1, 2.00000e+1, 3, 6, 
2023/07/24 19:39:49.269, 3.45593e+2, 0.00000e+0, 6.09961e+2, 0.00000e+0, 4.12279e+4, 0.00000e+0, 3.60454e+2, 0.00000e+0, 6.36189e+2, 0.00000e+0, 5.00409e+2, 0.00000e+0, 3.70941e+1, 0.00000e+0, 4.00493e+1, 0.00000e+0, 3.86741e+0, 0.00000e+0, 3.03453e+0, 0.00000e+0, 0.00000e+0, -2.95107e-1, 0.00000e+0, -4.91197e+0, 0.00000e+0, 9.90099e-2, 0.00000e+0, 4.74356e+0, 0.00000e+0, 6.80689e+1, 0.00000e+0, 2.00000e+1, 2.00000e+1, 3, 7, 
2023/07/24 19:39:59.466, 3.45756e+2, 0.00000e+0, 6.11771e+2, 0.00000e+0, 4.19546e+4, 0.00000e+0, 3.60898e+2, 0.00000e+0, 6.38562e+2, 0.00000e+0, 5.00503e+2, 0.00000e+0, 3.70970e+1, 0.00000e+0, 4.00290e+1, 0.00000e+0, 3.86829e+0, 0.00000e+0, 3.03485e+0, 0.00000e+0, 0.00000e+0, -2.95107e-1, 0.00000e+0, -4.91197e+0, 0.00000e+0, 9.80584e-2, 0.00000e+0, 4.74209e+0, 0.00000e+0, 6.79816e+1, 0.00000e+0, 2.00000e+1, 2.00000e+1, 3, 8, 
2023/07/24 19:40:09.568, 3.46513e+2, 0.00000e+0, 6.16442e+2, 0.00000e+0, 3.98309e+4, 0.00000e+0, 3.60888e+2, 0.00000e+0, 6.42014e+2, 0.00000e+0, 5.00518e+2, 0.00000e+0, 3.70985e+1, 0.00000e+0, 4.00301e+1, 0.00000e+0, 3.87094e+0, 0.00000e+0, 3.03499e+0, 0.00000e+0, 0.00000e+0, -2.95107e-1, 0.00000e+0, -4.91196e+0, 0.00000e+0, 9.89903e-2, 0.00000e+0, 4.74062e+0, 0.00000e+0, 6.78940e+1, 0.00000e+0, 2.00000e+1, 2.00000e+1, 3, 1, 
2023/07/24 19:40:19.767, 3.46534e+2, 0.00000e+0, 6.18124e+2, 0.00000e+0, 3.90034e+4, 0.00000e+0, 3.60599e+2, 0.00000e+0, 6.43212e+2, 0.00000e+0, 5.00579e+2, 0.00000e+0, 3.71012e+1, 0.00000e+0, 4.00356e+1, 0.00000e+0, 3.87184e+0, 0.00000e+0, 3.03530e+0, 0.00000e+0, 0.00000e+0, -2.95107e-1, 0.00000e+0, -4.91195e+0, 0.00000e+0, 9.80584e-2, 0.00000e+0, 4.73864e+0, 0.00000e+0, 6.77763e+1, 0.00000e+0, 2.00000e+1, 2.00000e+1, 3, 2, 
2023/07/24 19:40:29.873, 3.46460e+2, 0.00000e+0, 6.19057e+2, 0.00000e+0, 3.86706e+4, 0.00000e+0, 3.60397e+2, 0.00000e+0, 6.43959e+2, 0.00000e+0, 5.00566e+2, 0.00000e+0, 3.70984e+1, 0.00000e+0, 4.00176e+1, 0.00000e+0, 3.87227e+0, 0.00000e+0, 3.03518e+0, 0.00000e+0, 0.00000e+0, -2.95107e-1, 0.00000e+0, -4.91193e+0, 0.00000e+0, 9.89315e-2, 0.00000e+0, 4.73746e+0, 0.00000e+0, 6.77057e+1, 0.00000e+0, 2.00000e+1, 2.00000e+1, 3, 3, 
2023/07/24 19:40:40.066, 3.45457e+2, 0.00000e+0, 6.18389e+2, 0.00000e+0, 3.78413e+4, 0.00000e+0, 3.59044e+2, 0.00000e+0, 6.42710e+2, 0.00000e+0, 5.00530e+2, 0.00000e+0, 3.70914e+1, 0.00000e+0, 3.99973e+1, 0.00000e+0, 3.86369e+0, 0.00000e+0, 3.03547e+0, 0.00000e+0, 0.00000e+0, -2.95081e-1, 0.00000e+0, -4.91192e+0, 0.00000e+0, 9.81162e-2, 0.00000e+0, 4.73504e+0, 0.00000e+0, 6.75621e+1, 0.00000e+0, 2.00000e+1, 1.70000e+1, 3, 4, 
2023/07/24 19:40:50.176, 3.46247e+2, 0.00000e+0, 6.20078e+2, 0.00000e+0, 3.76508e+4, 0.00000e+0, 3.59794e+2, 0.00000e+0, 6.44337e+2, 0.00000e+0, 5.00475e+2, 0.00000e+0, 3.70934e+1, 0.00000e+0, 3.99983e+1, 0.00000e+0, 3.87138e+0, 0.00000e+0, 3.03499e+0, 0.00000e+0, 0.00000e+0, -2.95081e-1, 0.00000e+0, -4.91192e+0, 0.00000e+0, 9.89707e-2, 0.00000e+0, 4.73261e+0, 0.00000e+0, 6.74171e+1, 0.00000e+0, 2.00000e+1, 2.00000e+1, 3, 5, 
2023/07/24 19:41:00.364, 3.45999e+2, 0.00000e+0, 6.20301e+2, 0.00000e+0, 3.73430e+4, 0.00000e+0, 3.59421e+2, 0.00000e+0, 6.44363e+2, 0.00000e+0, 5.00469e+2, 0.00000e+0, 3.70963e+1, 0.00000e+0, 3.99627e+1, 0.00000e+0, 3.87215e+0, 0.00000e+0, 3.03527e+0, 0.00000e+0, 0.00000e+0, -2.95081e-1, 0.00000e+0, -4.91193e+0, 0.00000e+0, 9.80969e-2, 0.00000e+0, 4.73111e+0, 0.00000e+0, 6.73280e+1, 0.00000e+0, 2.00000e+1, 2.00000e+1, 3, 6, 
2023/07/24 19:41:10.482, 3.45716e+2, 0.00000e+0, 6.19467e+2, 0.00000e+0, 3.77714e+4, 0.00000e+0, 3.59287e+2, 0.00000e+0, 6.43783e+2, 0.00000e+0, 5.00466e+2, 0.00000e+0, 3.70960e+1, 0.00000e+0, 3.99427e+1, 0.00000e+0, 3.87132e+0, 0.00000e+0, 3.03538e+0, 0.00000e+0, 0.00000e+0, -2.95081e-1, 0.00000e+0, -4.91194e+0, 0.00000e+0, 9.88826e-2, 0.00000e+0, 4.73022e+0, 0.00000e+0, 6.72749e+1, 0.00000e+0, 2.00000e+1, 2.00000e+1, 3, 7, 
2023/07/24 19:41:20.666, 3.45573e+2, 0.00000e+0, 6.19583e+2, 0.00000e+0, 3.75071e+4, 0.00000e+0, 3.59040e+2, 0.00000e+0, 6.43728e+2, 0.00000e+0, 5.00492e+2, 0.00000e+0, 3.70980e+1, 0.00000e+0, 3.99503e+1, 0.00000e+0, 3.87150e+0, 0.00000e+0, 3.03548e+0, 0.00000e+0, 0.00000e+0, -2.95081e-1, 0.00000e+0, -4.91195e+0, 0.00000e+0, 9.81547e-2, 0.00000e+0, 4.72898e+0, 0.00000e+0, 6.72012e+1, 0.00000e+0, 2.00000e+1, 2.00000e+1, 3, 8, 
2023/07/24 19:41:30.786, 3.45168e+2, 0.00000e+0, 6.19426e+2, 0.00000e+0, 3.74727e+4, 0.00000e+0, 3.58606e+2, 0.00000e+0, 6.43541e+2, 0.00000e+0, 5.00505e+2, 0.00000e+0, 3.70996e+1, 0.00000e+0, 3.99179e+1, 0.00000e+0, 3.87082e+0, 0.00000e+0, 3.03530e+0, 0.00000e+0, 0.00000e+0, -2.95081e-1, 0.00000e+0, -4.91197e+0, 0.00000e+0, 9.88045e-2, 0.00000e+0, 4.72781e+0, 0.00000e+0, 6.71313e+1, 0.00000e+0, 2.00000e+1, 2.00000e+1, 3, 1, 
2023/07/24 19:41:40.971, 3.44599e+2, 0.00000e+0, 6.18425e+2, 0.00000e+0, 3.82267e+4, 0.00000e+0, 3.58296e+2, 0.00000e+0, 6.43005e+2, 0.00000e+0, 5.00534e+2, 0.00000e+0, 3.71005e+1, 0.00000e+0, 3.99701e+1, 0.00000e+0, 3.87049e+0, 0.00000e+0, 3.03547e+0, 0.00000e+0, 0.00000e+0, -2.95081e-1, 0.00000e+0, -4.91197e+0, 0.00000e+0, 9.82415e-2, 0.00000e+0, 4.72628e+0, 0.00000e+0, 6.70407e+1, 0.00000e+0, 2.00000e+1, 2.00000e+1, 3, 2, 
2023/07/24 19:41:51.091, 3.44059e+2, 0.00000e+0, 6.17147e+2, 0.00000e+0, 3.87224e+4, 0.00000e+0, 3.57918e+2, 0.00000e+0, 6.42007e+2, 0.00000e+0, 5.00500e+2, 0.00000e+0, 3.71025e+1, 0.00000e+0, 4.00224e+1, 0.00000e+0, 3.86952e+0, 0.00000e+0, 3.03591e+0, 0.00000e+0, 0.00000e+0, -2.95081e-1, 0.00000e+0, -4.91196e+0, 0.00000e+0, 9.87849e-2, 0.00000e+0, 4.72475e+0, 0.00000e+0, 6.69493e+1, 0.00000e+0, 2.00000e+1, 2.00000e+1, 3, 3, 
2023/07/24 19:42:01.268, 3.43647e+2, 0.00000e+0, 6.16479e+2, 0.00000e+0, 3.90833e+4, 0.00000e+0, 3.57624e+2, 0.00000e+0, 6.41553e+2, 0.00000e+0, 5.00471e+2, 0.00000e+0, 3.71059e+1, 0.00000e+0, 4.00024e+1, 0.00000e+0, 3.86858e+0, 0.00000e+0, 3.03570e+0, 0.00000e+0, 0.00000e+0, -2.95081e-1, 0.00000e+0, -4.91194e+0, 0.00000e+0, 9.82704e-2, 0.00000e+0, 4.72354e+0, 0.00000e+0, 6.68773e+1, 0.00000e+0, 2.00000e+1, 2.00000e+1, 3, 4, 
2023/07/24 19:42:11.395, 3.43394e+2, 0.00000e+0, 6.16343e+2, 0.00000e+0, 3.92813e+4, 0.00000e+0, 3.57435e+2, 0.00000e+0, 6.41544e+2, 0.00000e+0, 5.00414e+2, 0.00000e+0, 3.71098e+1, 0.00000e+0, 4.00214e+1, 0.00000e+0, 3.86751e+0, 0.00000e+0, 3.03536e+0, 0.00000e+0, 0.00000e+0, -2.95081e-1, 0.00000e+0, -4.91193e+0, 0.00000e+0, 9.87557e-2, 0.00000e+0, 4.72168e+0, 0.00000e+0, 6.67666e+1, 0.00000e+0, 2.00000e+1, 2.00000e+1, 3, 5, 
2023/07/24 19:42:21.565, 3.43093e+2, 0.00000e+0, 6.15983e+2, 0.00000e+0, 3.94681e+4, 0.00000e+0, 3.57190e+2, 0.00000e+0, 6.41294e+2, 0.00000e+0, 5.00400e+2, 0.00000e+0, 3.71128e+1, 0.00000e+0, 4.00530e+1, 0.00000e+0, 3.86716e+0, 0.00000e+0, 3.03549e+0, 0.00000e+0, 0.00000e+0, -2.95081e-1, 0.00000e+0, -4.91193e+0, 0.00000e+0, 9.84155e-2, 0.00000e+0, 4.72021e+0, 0.00000e+0, 6.66790e+1, 0.00000e+0, 2.00000e+1, 2.00000e+1, 3, 6, 
2023/07/24 19:42:31.766, 3.42789e+2, 0.00000e+0, 6.15955e+2, 0.00000e+0, 3.96563e+4, 0.00000e+0, 3.56944e+2, 0.00000e+0, 6.41390e+2, 0.00000e+0, 5.00435e+2, 0.00000e+0, 3.71173e+1, 0.00000e+0, 4.00735e+1, 0.00000e+0, 3.86658e+0, 0.00000e+0, 3.03518e+0, 0.00000e+0, 0.00000e+0, -2.95081e-1, 0.00000e+0, -4.91193e+0, 0.00000e+0, 9.79528e-2, 0.00000e+0, 4.71887e+0, 0.00000e+0, 6.65996e+1, 0.00000e+0, 2.00000e+1, 2.00000e+1, 3, 7, 
2023/07/24 19:42:41.864, 3.42272e+2, 0.00000e+0, 6.15773e+2, 0.00000e+0, 3.98449e+4, 0.00000e+0, 3.56476e+2, 0.00000e+0, 6.41326e+2, 0.00000e+0, 5.00492e+2, 0.00000e+0, 3.71206e+1, 0.00000e+0, 4.01142e+1, 0.00000e+0, 3.86675e+0, 0.00000e+0, 3.03552e+0, 0.00000e+0, 0.00000e+0, -2.95081e-1, 0.00000e+0, -4.91193e+0, 0.00000e+0, 9.90884e-2, 0.00000e+0, 4.71721e+0, 0.00000e+0, 6.65004e+1, 0.00000e+0, 2.00000e+1, 2.00000e+1, 3, 8, 
2023/07/24 19:42:52.061, 3.42032e+2, 0.00000e+0, 6.15756e+2, 0.00000e+0, 4.01219e+4, 0.00000e+0, 3.56329e+2, 0.00000e+0, 6.41494e+2, 0.00000e+0, 5.00488e+2, 0.00000e+0, 3.71263e+1, 0.00000e+0, 4.01491e+1, 0.00000e+0, 3.86552e+0, 0.00000e+0, 3.03531e+0, 0.00000e+0, 0.00000e+0, -2.95081e-1, 0.00000e+0, -4.91193e+0, 0.00000e+0, 9.80584e-2, 0.00000e+0, 4.71569e+0, 0.00000e+0, 6.64102e+1, 0.00000e+0, 2.00000e+1, 2.00000e+1, 3, 1, 
2023/07/24 19:43:02.166, 3.41500e+2, 0.00000e+0, 6.14844e+2, 0.00000e+0, 4.07203e+4, 0.00000e+0, 3.55996e+2, 0.00000e+0, 6.40943e+2, 0.00000e+0, 5.00503e+2, 0.00000e+0, 3.71338e+1, 0.00000e+0, 4.01875e+1, 0.00000e+0, 3.86410e+0, 0.00000e+0, 3.03503e+0, 0.00000e+0, 0.00000e+0, -2.95081e-1, 0.00000e+0, -4.91193e+0, 0.00000e+0, 9.90001e-2, 0.00000e+0, 4.71416e+0, 0.00000e+0, 6.63190e+1, 0.00000e+0, 2.00000e+1, 2.00000e+1, 3, 2, 
2023/07/24 19:43:12.366, 3.41104e+2, 0.00000e+0, 6.14532e+2, 0.00000e+0, 4.11702e+4, 0.00000e+0, 3.55751e+2, 0.00000e+0, 6.40919e+2, 0.00000e+0, 5.00470e+2, 0.00000e+0, 3.71372e+1, 0.00000e+0, 4.02116e+1, 0.00000e+0, 3.86346e+0, 0.00000e+0, 3.03486e+0, 0.00000e+0, 0.00000e+0, -2.95081e-1, 0.00000e+0, -4.91193e+0, 0.00000e+0, 9.80296e-2, 0.00000e+0, 4.71256e+0, 0.00000e+0, 6.62236e+1, 0.00000e+0, 2.00000e+1, 2.00000e+1, 3, 3, 
2023/07/24 19:43:22.465, 3.40845e+2, 0.00000e+0, 6.14547e+2, 0.00000e+0, 4.13843e+4, 0.00000e+0, 3.55560e+2, 0.00000e+0, 6.41077e+2, 0.00000e+0, 5.00451e+2, 0.00000e+0, 3.71450e+1, 0.00000e+0, 4.02644e+1, 0.00000e+0, 3.86197e+0, 0.00000e+0, 3.03484e+0, 0.00000e+0, 0.00000e+0, -2.95081e-1, 0.00000e+0, -4.91193e+0, 0.00000e+0, 9.90393e-2, 0.00000e+0, 4.71130e+0, 0.00000e+0, 6.61489e+1, 0.00000e+0, 2.00000e+1, 2.00000e+1, 3, 4, 
2023/07/24 19:43:32.665, 3.40465e+2, 0.00000e+0, 6.14646e+2, 0.00000e+0, 4.15795e+4, 0.00000e+0, 3.55236e+2, 0.00000e+0, 6.41311e+2, 0.00000e+0, 5.00425e+2, 0.00000e+0, 3.71543e+1, 0.00000e+0, 4.03141e+1, 0.00000e+0, 3.86185e+0, 0.00000e+0, 3.03469e+0, 0.00000e+0, 0.00000e+0, -2.95081e-1, 0.00000e+0, -4.91193e+0, 0.00000e+0, 9.80008e-2, 0.00000e+0, 4.70975e+0, 0.00000e+0, 6.60568e+1, 0.00000e+0, 2.00000e+1, 2.00000e+1, 3, 5, 
2023/07/24 19:43:42.770, 3.40164e+2, 0.00000e+0, 6.15068e+2, 0.00000e+0, 4.16391e+4, 0.00000e+0, 3.54943e+2, 0.00000e+0, 6.41792e+2, 0.00000e+0, 5.00438e+2, 0.00000e+0, 3.71621e+1, 0.00000e+0, 4.03417e+1, 0.00000e+0, 3.86182e+0, 0.00000e+0, 3.03457e+0, 0.00000e+0, 0.00000e+0, -2.95081e-1, 0.00000e+0, -4.91193e+0, 0.00000e+0, 9.90001e-2, 0.00000e+0, 4.70826e+0, 0.00000e+0, 6.59676e+1, 0.00000e+0, 2.00000e+1, 2.00000e+1, 3, 6, 
2023/07/24 19:43:52.968, 3.39676e+2, 0.00000e+0, 6.15159e+2, 0.00000e+0, 4.16637e+4, 0.00000e+0, 3.54443e+2, 0.00000e+0, 6.41903e+2, 0.00000e+0, 5.00490e+2, 0.00000e+0, 3.71690e+1, 0.00000e+0, 4.03811e+1, 0.00000e+0, 3.86156e+0, 0.00000e+0, 3.03460e+0, 0.00000e+0, 0.00000e+0, -2.95081e-1, 0.00000e+0, -4.91193e+0, 0.00000e+0, 9.80488e-2, 0.00000e+0, 4.70665e+0, 0.00000e+0, 6.58723e+1, 0.00000e+0, 2.00000e+1, 2.00000e+1, 3, 7, 
2023/07/24 19:44:03.073, 3.39417e+2, 0.00000e+0, 6.15536e+2, 0.00000e+0, 4.17001e+4, 0.00000e+0, 3.54187e+2, 0.00000e+0, 6.42321e+2, 0.00000e+0, 5.00493e+2, 0.00000e+0, 3.71766e+1, 0.00000e+0, 4.04222e+1, 0.00000e+0, 3.86096e+0, 0.00000e+0, 3.03462e+0, 0.00000e+0, 0.00000e+0, -2.95081e-1, 0.00000e+0, -4.91193e+0, 0.00000e+0, 9.89805e-2, 0.00000e+0, 4.70535e+0, 0.00000e+0, 6.57944e+1, 0.00000e+0, 2.00000e+1, 2.00000e+1, 3, 8, 
2023/07/24 19:44:13.265, 3.39092e+2, 0.00000e+0, 6.15771e+2, 0.00000e+0, 4.17683e+4, 0.00000e+0, 3.53873e+2, 0.00000e+0, 6.42612e+2, 0.00000e+0, 5.00500e+2, 0.00000e+0, 3.71853e+1, 0.00000e+0, 4.04295e+1, 0.00000e+0, 3.86051e+0, 0.00000e+0, 3.03502e+0, 0.00000e+0, 0.00000e+0, -2.95081e-1, 0.00000e+0, -4.91192e+0, 0.00000e+0, 9.80777e-2, 0.00000e+0, 4.70363e+0, 0.00000e+0, 6.56925e+1, 0.00000e+0, 2.00000e+1, 2.00000e+1, 3, 1, 
2023/07/24 19:44:23.378, 3.38813e+2, 0.00000e+0, 6.15938e+2, 0.00000e+0, 4.19044e+4, 0.00000e+0, 3.53632e+2, 0.00000e+0, 6.42877e+2, 0.00000e+0, 5.00484e+2, 0.00000e+0, 3.71949e+1, 0.00000e+0, 4.04545e+1, 0.00000e+0, 3.86036e+0, 0.00000e+0, 3.03478e+0, 0.00000e+0, 0.00000e+0, -2.95071e-1, 0.00000e+0, -4.91191e+0, 0.00000e+0, 9.88533e-2, 0.00000e+0, 4.70240e+0, 0.00000e+0, 6.56188e+1, 0.00000e+0, 2.00000e+1, 2.00000e+1, 3, 2, 
2023/07/24 19:44:33.566, 3.38562e+2, 0.00000e+0, 6.15925e+2, 0.00000e+0, 4.20770e+4, 0.00000e+0, 3.53433e+2, 0.00000e+0, 6.42979e+2, 0.00000e+0, 5.00449e+2, 0.00000e+0, 3.72069e+1, 0.00000e+0, 4.05193e+1, 0.00000e+0, 3.85959e+0, 0.00000e+0, 3.03488e+0, 0.00000e+0, 0.00000e+0, -2.95059e-1, 0.00000e+0, -4.91190e+0, 0.00000e+0, 9.82029e-2, 0.00000e+0, 4.70097e+0, 0.00000e+0, 6.55339e+1, 0.00000e+0, 2.00000e+1, 2.00000e+1, 3, 3, 
2023/07/24 19:44:43.682, 3.38208e+2, 0.00000e+0, 6.15824e+2, 0.00000e+0, 4.23043e+4, 0.00000e+0, 3.53148e+2, 0.00000e+0, 6.43027e+2, 0.00000e+0, 5.00417e+2, 0.00000e+0, 3.72123e+1, 0.00000e+0, 4.05150e+1, 0.00000e+0, 3.85930e+0, 0.00000e+0, 3.03486e+0, 0.00000e+0, 0.00000e+0, -2.95046e-1, 0.00000e+0, -4.91188e+0, 0.00000e+0, 9.88240e-2, 0.00000e+0, 4.69952e+0, 0.00000e+0, 6.54477e+1, 0.00000e+0, 2.00000e+1, 2.00000e+1, 3, 4, 
2023/07/24 19:44:53.865, 3.37932e+2, 0.00000e+0, 6.15715e+2, 0.00000e+0, 4.25027e+4, 0.00000e+0, 3.52933e+2, 0.00000e+0, 6.43046e+2, 0.00000e+0, 5.00428e+2, 0.00000e+0, 3.72295e+1, 0.00000e+0, 4.05492e+1, 0.00000e+0, 3.85845e+0, 0.00000e+0, 3.03501e+0, 0.00000e+0, 0.00000e+0, -2.95031e-1, 0.00000e+0, -4.91186e+0, 0.00000e+0, 9.82415e-2, 0.00000e+0, 4.69785e+0, 0.00000e+0, 6.53482e+1, 0.00000e+0, 2.00000e+1, 2.00000e+1, 3, 5, 
2023/07/24 19:45:03.987, 3.37186e+2, 0.00000e+0, 6.13941e+2, 0.00000e+0, 4.36350e+4, 0.00000e+0, 3.52571e+2, 0.00000e+0, 6.41953e+2, 0.00000e+0, 5.00463e+2, 0.00000e+0, 3.72420e+1, 0.00000e+0, 4.05974e+1, 0.00000e+0, 3.85690e+0, 0.00000e+0, 3.03466e+0, 0.00000e+0, 0.00000e+0, -2.95014e-1, 0.00000e+0, -4.91185e+0, 0.00000e+0, 9.87362e-2, 0.00000e+0, 4.69611e+0, 0.00000e+0, 6.52449e+1, 0.00000e+0, 2.00000e+1, 2.00000e+1, 3, 6, 
2023/07/24 19:45:14.166, 3.36726e+2, 0.00000e+0, 6.14017e+2, 0.00000e+0, 4.36357e+4, 0.00000e+0, 3.52089e+2, 0.00000e+0, 6.42033e+2, 0.00000e+0, 5.00509e+2, 0.00000e+0, 3.72512e+1, 0.00000e+0, 4.06515e+1, 0.00000e+0, 3.85634e+0, 0.00000e+0, 3.03511e+0, 0.00000e+0, 0.00000e+0, -2.94996e-1, 0.00000e+0, -4.91183e+0, 0.00000e+0, 9.82704e-2, 0.00000e+0, 4.69415e+0, 0.00000e+0, 6.51279e+1, 0.00000e+0, 2.00000e+1, 2.00000e+1, 3, 7, 
2023/07/24 19:45:24.297, 3.36589e+2, 0.00000e+0, 6.14762e+2, 0.00000e+0, 4.21226e+4, 0.00000e+0, 3.51390e+2, 0.00000e+0, 6.41796e+2, 0.00000e+0, 5.00505e+2, 0.00000e+0, 3.72643e+1, 0.00000e+0, 4.06879e+1, 0.00000e+0, 3.85633e+0, 0.00000e+0, 3.03507e+0, 0.00000e+0, 0.00000e+0, -2.94976e-1, 0.00000e+0, -4.91180e+0, 0.00000e+0, 9.86777e-2, 0.00000e+0, 4.69235e+0, 0.00000e+0, 6.50210e+1, 0.00000e+0, 2.00000e+1, 2.00000e+1, 3, 8, 
2023/07/24 19:45:34.465, 3.36389e+2, 0.00000e+0, 6.14838e+2, 0.00000e+0, 4.21545e+4, 0.00000e+0, 3.51193e+2, 0.00000e+0, 6.41897e+2, 0.00000e+0, 5.00482e+2, 0.00000e+0, 3.72702e+1, 0.00000e+0, 4.07208e+1, 0.00000e+0, 3.85555e+0, 0.00000e+0, 3.03456e+0, 0.00000e+0, 0.00000e+0, -2.94952e-1, 0.00000e+0, -4.91178e+0, 0.00000e+0, 9.83865e-2, 0.00000e+0, 4.69048e+0, 0.00000e+0, 6.49094e+1, 0.00000e+0, 2.00000e+1, 2.00000e+1, 3, 1, 
2023/07/24 19:45:44.666, 3.36204e+2, 0.00000e+0, 6.15036e+2, 0.00000e+0, 4.28952e+4, 0.00000e+0, 3.51272e+2, 0.00000e+0, 6.42600e+2, 0.00000e+0, 5.00441e+2, 0.00000e+0, 3.72857e+1, 0.00000e+0, 4.07495e+1, 0.00000e+0, 3.85542e+0, 0.00000e+0, 3.03455e+0, 0.00000e+0, 0.00000e+0, -2.94928e-1, 0.00000e+0, -4.91175e+0, 0.00000e+0, 9.80296e-2, 0.00000e+0, 4.68905e+0, 0.00000e+0, 6.48244e+1, 0.00000e+0, 2.00000e+1, 2.00000e+1, 3, 2, 
2023/07/24 19:45:54.767, 3.36029e+2, 0.00000e+0, 6.15343e+2, 0.00000e+0, 4.29466e+4, 0.00000e+0, 3.51108e+2, 0.00000e+0, 6.42956e+2, 0.00000e+0, 5.00380e+2, 0.00000e+0, 3.73010e+1, 0.00000e+0, 4.07689e+1, 0.00000e+0, 3.85509e+0, 0.00000e+0, 3.03463e+0, 0.00000e+0, 0.00000e+0, -2.94902e-1, 0.00000e+0, -4.91172e+0, 0.00000e+0, 9.89903e-2, 0.00000e+0, 4.68796e+0, 0.00000e+0, 6.47595e+1, 0.00000e+0, 2.00000e+1, 2.00000e+1, 3, 3, 
2023/07/24 19:46:04.965, 3.35795e+2, 0.00000e+0, 6.15114e+2, 0.00000e+0, 4.31798e+4, 0.00000e+0, 3.50949e+2, 0.00000e+0, 6.42873e+2, 0.00000e+0, 5.00386e+2, 0.00000e+0, 3.73153e+1, 0.00000e+0, 4.08072e+1, 0.00000e+0, 3.85422e+0, 0.00000e+0, 3.03442e+0, 0.00000e+0, 0.00000e+0, -2.94875e-1, 0.00000e+0, -4.91169e+0, 0.00000e+0, 9.81162e-2, 0.00000e+0, 4.68683e+0, 0.00000e+0, 6.46922e+1, 0.00000e+0, 2.00000e+1, 2.00000e+1, 3, 4, 
2023/07/24 19:46:15.067, 3.35515e+2, 0.00000e+0, 6.15162e+2, 0.00000e+0, 4.32583e+4, 0.00000e+0, 3.50685e+2, 0.00000e+0, 6.42976e+2, 0.00000e+0, 5.00424e+2, 0.00000e+0, 3.73304e+1, 0.00000e+0, 4.08479e+1, 0.00000e+0, 3.85395e+0, 0.00000e+0, 3.03442e+0, 0.00000e+0, 0.00000e+0, -2.94845e-1, 0.00000e+0, -4.91165e+0, 0.00000e+0, 9.89413e-2, 0.00000e+0, 4.68560e+0, 0.00000e+0, 6.46188e+1, 0.00000e+0, 2.00000e+1, 2.00000e+1, 3, 5, 
2023/07/24 19:46:25.266, 3.35339e+2, 0.00000e+0, 6.15510e+2, 0.00000e+0, 4.26014e+4, 0.00000e+0, 3.50260e+2, 0.00000e+0, 6.42898e+2, 0.00000e+0, 5.00481e+2, 0.00000e+0, 3.73496e+1, 0.00000e+0, 4.08982e+1, 0.00000e+0, 3.85377e+0, 0.00000e+0, 3.03454e+0, 0.00000e+0, 0.00000e+0, -2.94813e-1, 0.00000e+0, -4.91161e+0, 0.00000e+0, 9.81354e-2, 0.00000e+0, 4.68443e+0, 0.00000e+0, 6.45497e+1, 0.00000e+0, 2.00000e+1, 2.00000e+1, 3, 6, 
2023/07/24 19:46:35.368, 3.34915e+2, 0.00000e+0, 6.15444e+2, 0.00000e+0, 4.14777e+4, 0.00000e+0, 3.49408e+2, 0.00000e+0, 6.42076e+2, 0.00000e+0, 5.00481e+2, 0.00000e+0, 3.73631e+1, 0.00000e+0, 4.09293e+1, 0.00000e+0, 3.85336e+0, 0.00000e+0, 3.03453e+0, 0.00000e+0, 0.00000e+0, -2.94780e-1, 0.00000e+0, -4.91157e+0, 0.00000e+0, 9.89609e-2, 0.00000e+0, 4.68295e+0, 0.00000e+0, 6.44615e+1, 0.00000e+0, 2.00000e+1, 2.00000e+1, 3, 7, 
2023/07/24 19:46:45.565, 3.34407e+2, 0.00000e+0, 6.15238e+2, 0.00000e+0, 4.38036e+4, 0.00000e+0, 3.49726e+2, 0.00000e+0, 6.43422e+2, 0.00000e+0, 5.00478e+2, 0.00000e+0, 3.73799e+1, 0.00000e+0, 4.09618e+1, 0.00000e+0, 3.85351e+0, 0.00000e+0, 3.03434e+0, 0.00000e+0, 0.00000e+0, -2.94761e-1, 0.00000e+0, -4.91155e+0, 0.00000e+0, 9.80969e-2, 0.00000e+0, 4.68122e+0, 0.00000e+0, 6.43581e+1, 0.00000e+0, 2.00000e+1, 2.00000e+1, 3, 8, 
2023/07/24 19:46:55.672, 3.34231e+2, 0.00000e+0, 6.15450e+2, 0.00000e+0, 4.38969e+4, 0.00000e+0, 3.49576e+2, 0.00000e+0, 6.43707e+2, 0.00000e+0, 5.00430e+2, 0.00000e+0, 3.73988e+1, 0.00000e+0, 4.10322e+1, 0.00000e+0, 3.85297e+0, 0.00000e+0, 3.03433e+0, 0.00000e+0, 0.00000e+0, -2.94741e-1, 0.00000e+0, -4.91152e+0, 0.00000e+0, 9.88924e-2, 0.00000e+0, 4.67983e+0, 0.00000e+0, 6.42754e+1, 0.00000e+0, 2.00000e+1, 2.00000e+1, 3, 1, 
2023/07/24 19:47:05.866, 3.33902e+2, 0.00000e+0, 6.15135e+2, 0.00000e+0, 4.10625e+4, 0.00000e+0, 3.48200e+2, 0.00000e+0, 6.41476e+2, 0.00000e+0, 5.00398e+2, 0.00000e+0, 3.74141e+1, 0.00000e+0, 4.10405e+1, 0.00000e+0, 3.85217e+0, 0.00000e+0, 3.03450e+0, 0.00000e+0, 0.00000e+0, -2.94721e-1, 0.00000e+0, -4.91149e+0, 0.00000e+0, 9.81643e-2, 0.00000e+0, 4.67858e+0, 0.00000e+0, 6.42010e+1, 0.00000e+0, 2.00000e+1, 2.00000e+1, 3, 2, 
2023/07/24 19:47:15.977, 3.33676e+2, 0.00000e+0, 6.14789e+2, 0.00000e+0, 4.11507e+4, 0.00000e+0, 3.47997e+2, 0.00000e+0, 6.41174e+2, 0.00000e+0, 5.00381e+2, 0.00000e+0, 3.74333e+1, 0.00000e+0, 4.10688e+1, 0.00000e+0, 3.85119e+0, 0.00000e+0, 3.03428e+0, 0.00000e+0, 0.00000e+0, -2.94697e-1, 0.00000e+0, -4.91146e+0, 0.00000e+0, 9.88338e-2, 0.00000e+0, 4.67683e+0, 0.00000e+0, 6.40973e+1, 0.00000e+0, 2.00000e+1, 2.00000e+1, 3, 3, 
2023/07/24 19:47:26.162, 3.33459e+2, 0.00000e+0, 6.14874e+2, 0.00000e+0, 4.30849e+4, 0.00000e+0, 3.48473e+2, 0.00000e+0, 6.42559e+2, 0.00000e+0, 5.00429e+2, 0.00000e+0, 3.74496e+1, 0.00000e+0, 4.11078e+1, 0.00000e+0, 3.85088e+0, 0.00000e+0, 3.03422e+0, 0.00000e+0, 0.00000e+0, -2.94670e-1, 0.00000e+0, -4.91142e+0, 0.00000e+0, 9.82222e-2, 0.00000e+0, 4.67586e+0, 0.00000e+0, 6.40390e+1, 0.00000e+0, 2.00000e+1, 2.00000e+1, 3, 4, 
2023/07/24 19:47:36.281, 3.33147e+2, 0.00000e+0, 6.15034e+2, 0.00000e+0, 4.38708e+4, 0.00000e+0, 3.48433e+2, 0.00000e+0, 6.43254e+2, 0.00000e+0, 5.00458e+2, 0.00000e+0, 3.74716e+1, 0.00000e+0, 4.11589e+1, 0.00000e+0, 3.85114e+0, 0.00000e+0, 3.03407e+0, 0.00000e+0, 0.00000e+0, -2.94641e-1, 0.00000e+0, -4.91138e+0, 0.00000e+0, 9.88240e-2, 0.00000e+0, 4.67428e+0, 0.00000e+0, 6.39452e+1, 0.00000e+0, 2.00000e+1, 2.00000e+1, 3, 5, 
2023/07/24 19:47:46.467, 3.32876e+2, 0.00000e+0, 6.14885e+2, 0.00000e+0, 4.39951e+4, 0.00000e+0, 3.48195e+2, 0.00000e+0, 6.43182e+2, 0.00000e+0, 5.00471e+2, 0.00000e+0, 3.74911e+1, 0.00000e+0, 4.12061e+1, 0.00000e+0, 3.85037e+0, 0.00000e+0, 3.03451e+0, 0.00000e+0, 0.00000e+0, -2.94609e-1, 0.00000e+0, -4.91134e+0, 0.00000e+0, 9.82318e-2, 0.00000e+0, 4.67304e+0, 0.00000e+0, 6.38717e+1, 0.00000e+0, 2.00000e+1, 2.00000e+1, 3, 6, 
2023/07/24 19:47:56.586, 3.32567e+2, 0.00000e+0, 6.15044e+2, 0.00000e+0, 4.41005e+4, 0.00000e+0, 3.47910e+2, 0.00000e+0, 6.43419e+2, 0.00000e+0, 5.00449e+2, 0.00000e+0, 3.75030e+1, 0.00000e+0, 4.12457e+1, 0.00000e+0, 3.85007e+0, 0.00000e+0, 3.03447e+0, 0.00000e+0, 0.00000e+0, -2.94574e-1, 0.00000e+0, -4.91129e+0, 0.00000e+0, 9.87654e-2, 0.00000e+0, 4.67143e+0, 0.00000e+0, 6.37756e+1, 0.00000e+0, 2.00000e+1, 2.00000e+1, 3, 7, 
2023/07/24 19:48:06.767, 3.32284e+2, 0.00000e+0, 6.14998e+2, 0.00000e+0, 4.42567e+4, 0.00000e+0, 3.47670e+2, 0.00000e+0, 6.43476e+2, 0.00000e+0, 5.00438e+2, 0.00000e+0, 3.75224e+1, 0.00000e+0, 4.12748e+1, 0.00000e+0, 3.84885e+0, 0.00000e+0, 3.03409e+0, 0.00000e+0, 0.00000e+0, -2.94536e-1, 0.00000e+0, -4.91126e+0, 0.00000e+0, 9.82029e-2, 0.00000e+0, 4.66983e+0, 0.00000e+0, 6.36805e+1, 0.00000e+0, 2.00000e+1, 2.00000e+1, 3, 8, 

