SN:3K430000012749 BD:Apr 19 2021 VC:7d9ffae MD5:34e03199e6006f2831fb02c414d62259
                     Time,      [CH4]_ppm,   [CH4]_ppm_sd,      [CO2]_ppm,   [CO2]_ppm_sd,      [H2O]_ppm,   [H2O]_ppm_sd,     [CH4]d_ppm,  [CH4]d_ppm_sd,     [CO2]d_ppm,  [CO2]d_ppm_sd,      GasP_torr,   GasP_torr_sd,         GasT_C,      GasT_C_sd,         AmbT_C,      AmbT_C_sd,         RD0_us,      RD0_us_sd,         RD1_us,      RD1_us_sd,     RD0_raw_us,         LTC0_v,      LTC0_v_sd,         LTC1_v,      LTC1_v_sd,             HZ,          HZ_sd,         Batt_v,      Batt_v_sd,        BattPer,     BattPer_sd, Temp_Status_mA,Analyzer_Status_mA,       Fit_Flag,      MIU_VALVE,       MIU_DESC
2023/07/24 16:40:09.558, 8.55737e+2, 0.00000e+0, 5.11770e+2, 0.00000e+0, 1.86205e+4, 0.00000e+0, 8.71973e+2, 0.00000e+0, 5.21480e+2, 0.00000e+0, 5.00278e+2, 0.00000e+0, 3.69963e+1, 0.00000e+0, 4.20789e+1, 0.00000e+0, 4.25914e+0, 0.00000e+0, 3.03109e+0, 0.00000e+0, 0.00000e+0, -2.92565e-1, 0.00000e+0, -4.91004e+0, 0.00000e+0, 9.80584e-2, 0.00000e+0, 4.92552e+0, 0.00000e+0, 7.89000e+1, 0.00000e+0, 2.00000e+1, 1.70000e+1, 3, 8, 
2023/07/24 16:40:19.657, 8.53039e+2, 0.00000e+0, 5.08792e+2, 0.00000e+0, 2.03529e+4, 0.00000e+0, 8.70761e+2, 0.00000e+0, 5.19363e+2, 0.00000e+0, 5.00272e+2, 0.00000e+0, 3.70267e+1, 0.00000e+0, 4.20834e+1, 0.00000e+0, 4.25106e+0, 0.00000e+0, 3.03054e+0, 0.00000e+0, 0.00000e+0, -2.92534e-1, 0.00000e+0, -4.91003e+0, 0.00000e+0, 9.91080e-2, 0.00000e+0, 4.92443e+0, 0.00000e+0, 7.88350e+1, 0.00000e+0, 2.00000e+1, 1.70000e+1, 3, 1, 
2023/07/24 16:40:29.857, 8.52629e+2, 0.00000e+0, 5.10545e+2, 0.00000e+0, 2.00264e+4, 0.00000e+0, 8.70053e+2, 0.00000e+0, 5.20978e+2, 0.00000e+0, 5.00229e+2, 0.00000e+0, 3.70511e+1, 0.00000e+0, 4.20986e+1, 0.00000e+0, 4.25445e+0, 0.00000e+0, 3.03099e+0, 0.00000e+0, 0.00000e+0, -2.92502e-1, 0.00000e+0, -4.91002e+0, 0.00000e+0, 9.80200e-2, 0.00000e+0, 4.92340e+0, 0.00000e+0, 7.87736e+1, 0.00000e+0, 2.00000e+1, 1.70000e+1, 3, 2, 
2023/07/24 16:40:39.964, 8.52828e+2, 0.00000e+0, 5.12492e+2, 0.00000e+0, 1.95972e+4, 0.00000e+0, 8.69875e+2, 0.00000e+0, 5.22736e+2, 0.00000e+0, 5.00193e+2, 0.00000e+0, 3.70794e+1, 0.00000e+0, 4.21134e+1, 0.00000e+0, 4.25692e+0, 0.00000e+0, 3.03060e+0, 0.00000e+0, 0.00000e+0, -2.92468e-1, 0.00000e+0, -4.91000e+0, 0.00000e+0, 9.89805e-2, 0.00000e+0, 4.92225e+0, 0.00000e+0, 7.87055e+1, 0.00000e+0, 2.00000e+1, 1.70000e+1, 3, 3, 
2023/07/24 16:40:50.160, 8.52653e+2, 0.00000e+0, 5.13637e+2, 0.00000e+0, 1.94567e+4, 0.00000e+0, 8.69573e+2, 0.00000e+0, 5.23829e+2, 0.00000e+0, 5.00213e+2, 0.00000e+0, 3.71083e+1, 0.00000e+0, 4.21525e+1, 0.00000e+0, 4.25715e+0, 0.00000e+0, 3.03070e+0, 0.00000e+0, 0.00000e+0, -2.92434e-1, 0.00000e+0, -4.90999e+0, 0.00000e+0, 9.80969e-2, 0.00000e+0, 4.92099e+0, 0.00000e+0, 7.86306e+1, 0.00000e+0, 2.00000e+1, 1.70000e+1, 3, 4, 
2023/07/24 16:41:00.266, 8.51872e+2, 0.00000e+0, 5.14663e+2, 0.00000e+0, 1.93144e+4, 0.00000e+0, 8.68649e+2, 0.00000e+0, 5.24799e+2, 0.00000e+0, 5.00262e+2, 0.00000e+0, 3.71333e+1, 0.00000e+0, 4.21786e+1, 0.00000e+0, 4.25871e+0, 0.00000e+0, 3.03070e+0, 0.00000e+0, 0.00000e+0, -2.92400e-1, 0.00000e+0, -4.90997e+0, 0.00000e+0, 9.89218e-2, 0.00000e+0, 4.91995e+0, 0.00000e+0, 7.85682e+1, 0.00000e+0, 2.00000e+1, 1.70000e+1, 3, 5, 
2023/07/24 16:41:10.456, 8.51198e+2, 0.00000e+0, 5.15364e+2, 0.00000e+0, 1.92897e+4, 0.00000e+0, 8.67940e+2, 0.00000e+0, 5.25501e+2, 0.00000e+0, 5.00301e+2, 0.00000e+0, 3.71627e+1, 0.00000e+0, 4.21912e+1, 0.00000e+0, 4.25927e+0, 0.00000e+0, 3.03110e+0, 0.00000e+0, 0.00000e+0, -2.92365e-1, 0.00000e+0, -4.90996e+0, 0.00000e+0, 9.81258e-2, 0.00000e+0, 4.91879e+0, 0.00000e+0, 7.84996e+1, 0.00000e+0, 2.00000e+1, 1.70000e+1, 3, 6, 
2023/07/24 16:41:20.571, 8.50643e+2, 0.00000e+0, 5.16171e+2, 0.00000e+0, 1.77755e+4, 0.00000e+0, 8.66038e+2, 0.00000e+0, 5.25512e+2, 0.00000e+0, 5.00278e+2, 0.00000e+0, 3.71887e+1, 0.00000e+0, 4.22157e+1, 0.00000e+0, 4.25875e+0, 0.00000e+0, 3.03076e+0, 0.00000e+0, 0.00000e+0, -2.92327e-1, 0.00000e+0, -4.90994e+0, 0.00000e+0, 9.88631e-2, 0.00000e+0, 4.91757e+0, 0.00000e+0, 7.84267e+1, 0.00000e+0, 2.00000e+1, 1.70000e+1, 3, 7, 
2023/07/24 16:41:30.758, 8.48997e+2, 0.00000e+0, 5.15973e+2, 0.00000e+0, 1.77894e+4, 0.00000e+0, 8.64373e+2, 0.00000e+0, 5.25318e+2, 0.00000e+0, 5.00254e+2, 0.00000e+0, 3.72165e+1, 0.00000e+0, 4.22350e+1, 0.00000e+0, 4.25788e+0, 0.00000e+0, 3.03086e+0, 0.00000e+0, 0.00000e+0, -2.92308e-1, 0.00000e+0, -4.90992e+0, 0.00000e+0, 9.81643e-2, 0.00000e+0, 4.91641e+0, 0.00000e+0, 7.83577e+1, 0.00000e+0, 2.00000e+1, 1.70000e+1, 3, 8, 
2023/07/24 16:41:40.875, 8.48366e+2, 0.00000e+0, 5.16168e+2, 0.00000e+0, 1.79390e+4, 0.00000e+0, 8.63863e+2, 0.00000e+0, 5.25597e+2, 0.00000e+0, 5.00227e+2, 0.00000e+0, 3.72420e+1, 0.00000e+0, 4.22350e+1, 0.00000e+0, 4.25607e+0, 0.00000e+0, 3.03106e+0, 0.00000e+0, 0.00000e+0, -2.92286e-1, 0.00000e+0, -4.90989e+0, 0.00000e+0, 9.88338e-2, 0.00000e+0, 4.91526e+0, 0.00000e+0, 7.82891e+1, 0.00000e+0, 2.00000e+1, 1.70000e+1, 3, 1, 
2023/07/24 16:41:51.054, 8.47803e+2, 0.00000e+0, 5.16738e+2, 0.00000e+0, 1.79229e+4, 0.00000e+0, 8.63275e+2, 0.00000e+0, 5.26168e+2, 0.00000e+0, 5.00206e+2, 0.00000e+0, 3.72715e+1, 0.00000e+0, 4.22823e+1, 0.00000e+0, 4.25647e+0, 0.00000e+0, 3.03092e+0, 0.00000e+0, 0.00000e+0, -2.92262e-1, 0.00000e+0, -4.90987e+0, 0.00000e+0, 9.82704e-2, 0.00000e+0, 4.91403e+0, 0.00000e+0, 7.82158e+1, 0.00000e+0, 2.00000e+1, 1.70000e+1, 3, 2, 
2023/07/24 16:42:01.186, 8.47196e+2, 0.00000e+0, 5.17105e+2, 0.00000e+0, 1.78151e+4, 0.00000e+0, 8.62562e+2, 0.00000e+0, 5.26484e+2, 0.00000e+0, 5.00223e+2, 0.00000e+0, 3.72992e+1, 0.00000e+0, 4.23258e+1, 0.00000e+0, 4.25687e+0, 0.00000e+0, 3.03122e+0, 0.00000e+0, 0.00000e+0, -2.92236e-1, 0.00000e+0, -4.90984e+0, 0.00000e+0, 9.86193e-2, 0.00000e+0, 4.91271e+0, 0.00000e+0, 7.81376e+1, 0.00000e+0, 2.00000e+1, 1.70000e+1, 3, 3, 
2023/07/24 16:42:11.354, 8.46735e+2, 0.00000e+0, 5.17276e+2, 0.00000e+0, 1.78060e+4, 0.00000e+0, 8.62085e+2, 0.00000e+0, 5.26653e+2, 0.00000e+0, 5.00257e+2, 0.00000e+0, 3.73250e+1, 0.00000e+0, 4.23303e+1, 0.00000e+0, 4.25547e+0, 0.00000e+0, 3.03116e+0, 0.00000e+0, 0.00000e+0, -2.92208e-1, 0.00000e+0, -4.90981e+0, 0.00000e+0, 9.84252e-2, 0.00000e+0, 4.91171e+0, 0.00000e+0, 7.80779e+1, 0.00000e+0, 2.00000e+1, 1.70000e+1, 3, 4, 
2023/07/24 16:42:21.555, 8.46216e+2, 0.00000e+0, 5.17532e+2, 0.00000e+0, 1.77326e+4, 0.00000e+0, 8.61493e+2, 0.00000e+0, 5.26875e+2, 0.00000e+0, 5.00267e+2, 0.00000e+0, 3.73539e+1, 0.00000e+0, 4.23629e+1, 0.00000e+0, 4.25492e+0, 0.00000e+0, 3.03123e+0, 0.00000e+0, 0.00000e+0, -2.92178e-1, 0.00000e+0, -4.90978e+0, 0.00000e+0, 9.80296e-2, 0.00000e+0, 4.91059e+0, 0.00000e+0, 7.80111e+1, 0.00000e+0, 2.00000e+1, 1.70000e+1, 3, 5, 
2023/07/24 16:42:31.658, 8.45763e+2, 0.00000e+0, 5.17855e+2, 0.00000e+0, 1.77133e+4, 0.00000e+0, 8.61015e+2, 0.00000e+0, 5.27193e+2, 0.00000e+0, 5.00278e+2, 0.00000e+0, 3.73812e+1, 0.00000e+0, 4.23910e+1, 0.00000e+0, 4.25438e+0, 0.00000e+0, 3.03122e+0, 0.00000e+0, 0.00000e+0, -2.92146e-1, 0.00000e+0, -4.90975e+0, 0.00000e+0, 9.90393e-2, 0.00000e+0, 4.90938e+0, 0.00000e+0, 7.79395e+1, 0.00000e+0, 2.00000e+1, 1.70000e+1, 3, 6, 
2023/07/24 16:42:41.859, 8.45099e+2, 0.00000e+0, 5.17943e+2, 0.00000e+0, 1.77500e+4, 0.00000e+0, 8.60370e+2, 0.00000e+0, 5.27302e+2, 0.00000e+0, 5.00267e+2, 0.00000e+0, 3.74075e+1, 0.00000e+0, 4.24374e+1, 0.00000e+0, 4.25383e+0, 0.00000e+0, 3.03116e+0, 0.00000e+0, 0.00000e+0, -2.92111e-1, 0.00000e+0, -4.90973e+0, 0.00000e+0, 9.79720e-2, 0.00000e+0, 4.90802e+0, 0.00000e+0, 7.78586e+1, 0.00000e+0, 2.00000e+1, 1.70000e+1, 3, 7, 
2023/07/24 16:42:51.953, 8.44597e+2, 0.00000e+0, 5.18121e+2, 0.00000e+0, 1.78093e+4, 0.00000e+0, 8.59912e+2, 0.00000e+0, 5.27516e+2, 0.00000e+0, 5.00238e+2, 0.00000e+0, 3.74314e+1, 0.00000e+0, 4.24378e+1, 0.00000e+0, 4.25243e+0, 0.00000e+0, 3.03131e+0, 0.00000e+0, 0.00000e+0, -2.92075e-1, 0.00000e+0, -4.90972e+0, 0.00000e+0, 9.90688e-2, 0.00000e+0, 4.90676e+0, 0.00000e+0, 7.77834e+1, 0.00000e+0, 2.00000e+1, 1.70000e+1, 3, 8, 
2023/07/24 16:43:02.157, 8.44129e+2, 0.00000e+0, 5.18401e+2, 0.00000e+0, 1.78951e+4, 0.00000e+0, 8.59510e+2, 0.00000e+0, 5.27847e+2, 0.00000e+0, 5.00203e+2, 0.00000e+0, 3.74540e+1, 0.00000e+0, 4.24396e+1, 0.00000e+0, 4.25147e+0, 0.00000e+0, 3.03098e+0, 0.00000e+0, 0.00000e+0, -2.92034e-1, 0.00000e+0, -4.90969e+0, 0.00000e+0, 9.79912e-2, 0.00000e+0, 4.90565e+0, 0.00000e+0, 7.77171e+1, 0.00000e+0, 2.00000e+1, 1.70000e+1, 3, 1, 
2023/07/24 16:43:12.257, 8.42762e+2, 0.00000e+0, 5.18785e+2, 0.00000e+0, 1.76685e+4, 0.00000e+0, 8.57920e+2, 0.00000e+0, 5.28116e+2, 0.00000e+0, 5.00210e+2, 0.00000e+0, 3.74802e+1, 0.00000e+0, 4.24719e+1, 0.00000e+0, 4.25294e+0, 0.00000e+0, 3.03104e+0, 0.00000e+0, 0.00000e+0, -2.92010e-1, 0.00000e+0, -4.90967e+0, 0.00000e+0, 9.90786e-2, 0.00000e+0, 4.90460e+0, 0.00000e+0, 7.76548e+1, 0.00000e+0, 2.00000e+1, 1.70000e+1, 3, 2, 
2023/07/24 16:43:22.457, 8.42102e+2, 0.00000e+0, 5.18925e+2, 0.00000e+0, 1.76792e+4, 0.00000e+0, 8.57258e+2, 0.00000e+0, 5.28265e+2, 0.00000e+0, 5.00253e+2, 0.00000e+0, 3.75091e+1, 0.00000e+0, 4.25123e+1, 0.00000e+0, 4.25220e+0, 0.00000e+0, 3.03145e+0, 0.00000e+0, 0.00000e+0, -2.91987e-1, 0.00000e+0, -4.90966e+0, 0.00000e+0, 9.80200e-2, 0.00000e+0, 4.90297e+0, 0.00000e+0, 7.75577e+1, 0.00000e+0, 2.00000e+1, 1.70000e+1, 3, 3, 
2023/07/24 16:43:32.561, 8.41655e+2, 0.00000e+0, 5.19595e+2, 0.00000e+0, 1.76651e+4, 0.00000e+0, 8.56791e+2, 0.00000e+0, 5.28938e+2, 0.00000e+0, 5.00272e+2, 0.00000e+0, 3.75338e+1, 0.00000e+0, 4.25075e+1, 0.00000e+0, 4.25236e+0, 0.00000e+0, 3.03125e+0, 0.00000e+0, 0.00000e+0, -2.91963e-1, 0.00000e+0, -4.90964e+0, 0.00000e+0, 9.90099e-2, 0.00000e+0, 4.90153e+0, 0.00000e+0, 7.74718e+1, 0.00000e+0, 2.00000e+1, 1.70000e+1, 3, 4, 
2023/07/24 16:43:42.755, 8.40999e+2, 0.00000e+0, 5.19857e+2, 0.00000e+0, 1.77231e+4, 0.00000e+0, 8.56173e+2, 0.00000e+0, 5.29237e+2, 0.00000e+0, 5.00280e+2, 0.00000e+0, 3.75560e+1, 0.00000e+0, 4.24943e+1, 0.00000e+0, 4.25289e+0, 0.00000e+0, 3.03146e+0, 0.00000e+0, 0.00000e+0, -2.91936e-1, 0.00000e+0, -4.90962e+0, 0.00000e+0, 9.80777e-2, 0.00000e+0, 4.90028e+0, 0.00000e+0, 7.73977e+1, 0.00000e+0, 2.00000e+1, 1.70000e+1, 3, 5, 
2023/07/24 16:43:52.865, 8.40433e+2, 0.00000e+0, 5.19948e+2, 0.00000e+0, 1.79245e+4, 0.00000e+0, 8.55773e+2, 0.00000e+0, 5.29438e+2, 0.00000e+0, 5.00260e+2, 0.00000e+0, 3.75823e+1, 0.00000e+0, 4.24969e+1, 0.00000e+0, 4.25148e+0, 0.00000e+0, 3.03139e+0, 0.00000e+0, 0.00000e+0, -2.91909e-1, 0.00000e+0, -4.90960e+0, 0.00000e+0, 9.88924e-2, 0.00000e+0, 4.89890e+0, 0.00000e+0, 7.73154e+1, 0.00000e+0, 2.00000e+1, 1.70000e+1, 3, 6, 
2023/07/24 16:44:03.057, 8.39764e+2, 0.00000e+0, 5.19989e+2, 0.00000e+0, 1.80304e+4, 0.00000e+0, 8.55184e+2, 0.00000e+0, 5.29536e+2, 0.00000e+0, 5.00209e+2, 0.00000e+0, 3.76096e+1, 0.00000e+0, 4.25511e+1, 0.00000e+0, 4.25080e+0, 0.00000e+0, 3.03151e+0, 0.00000e+0, 0.00000e+0, -2.91883e-1, 0.00000e+0, -4.90958e+0, 0.00000e+0, 9.81451e-2, 0.00000e+0, 4.89764e+0, 0.00000e+0, 7.72403e+1, 0.00000e+0, 2.00000e+1, 1.70000e+1, 3, 7, 
2023/07/24 16:44:13.169, 8.39236e+2, 0.00000e+0, 5.20240e+2, 0.00000e+0, 1.80862e+4, 0.00000e+0, 8.54694e+2, 0.00000e+0, 5.29822e+2, 0.00000e+0, 5.00168e+2, 0.00000e+0, 3.76376e+1, 0.00000e+0, 4.25701e+1, 0.00000e+0, 4.25075e+0, 0.00000e+0, 3.03139e+0, 0.00000e+0, 0.00000e+0, -2.91857e-1, 0.00000e+0, -4.90957e+0, 0.00000e+0, 9.88728e-2, 0.00000e+0, 4.89687e+0, 0.00000e+0, 7.71947e+1, 0.00000e+0, 2.00000e+1, 1.70000e+1, 3, 8, 
2023/07/24 16:44:23.358, 8.38606e+2, 0.00000e+0, 5.20400e+2, 0.00000e+0, 1.81411e+4, 0.00000e+0, 8.54100e+2, 0.00000e+0, 5.30015e+2, 0.00000e+0, 5.00167e+2, 0.00000e+0, 3.76613e+1, 0.00000e+0, 4.26005e+1, 0.00000e+0, 4.25063e+0, 0.00000e+0, 3.03167e+0, 0.00000e+0, 0.00000e+0, -2.91829e-1, 0.00000e+0, -4.90954e+0, 0.00000e+0, 9.81258e-2, 0.00000e+0, 4.89595e+0, 0.00000e+0, 7.71397e+1, 0.00000e+0, 2.00000e+1, 1.70000e+1, 3, 1, 
2023/07/24 16:44:33.474, 8.37772e+2, 0.00000e+0, 5.20680e+2, 0.00000e+0, 1.82386e+4, 0.00000e+0, 8.53335e+2, 0.00000e+0, 5.30353e+2, 0.00000e+0, 5.00217e+2, 0.00000e+0, 3.76849e+1, 0.00000e+0, 4.26051e+1, 0.00000e+0, 4.25077e+0, 0.00000e+0, 3.03146e+0, 0.00000e+0, 0.00000e+0, -2.91799e-1, 0.00000e+0, -4.90952e+0, 0.00000e+0, 9.88533e-2, 0.00000e+0, 4.89549e+0, 0.00000e+0, 7.71126e+1, 0.00000e+0, 2.00000e+1, 1.70000e+1, 3, 2, 
2023/07/24 16:44:43.657, 8.36894e+2, 0.00000e+0, 5.20899e+2, 0.00000e+0, 1.83040e+4, 0.00000e+0, 8.52498e+2, 0.00000e+0, 5.30611e+2, 0.00000e+0, 5.00243e+2, 0.00000e+0, 3.77061e+1, 0.00000e+0, 4.26147e+1, 0.00000e+0, 4.25032e+0, 0.00000e+0, 3.03125e+0, 0.00000e+0, 0.00000e+0, -2.91768e-1, 0.00000e+0, -4.90950e+0, 0.00000e+0, 9.82125e-2, 0.00000e+0, 4.89445e+0, 0.00000e+0, 7.70505e+1, 0.00000e+0, 2.00000e+1, 1.70000e+1, 3, 3, 
2023/07/24 16:44:53.779, 8.36310e+2, 0.00000e+0, 5.21325e+2, 0.00000e+0, 1.83000e+4, 0.00000e+0, 8.51899e+2, 0.00000e+0, 5.31044e+2, 0.00000e+0, 5.00262e+2, 0.00000e+0, 3.77321e+1, 0.00000e+0, 4.26127e+1, 0.00000e+0, 4.25073e+0, 0.00000e+0, 3.03163e+0, 0.00000e+0, 0.00000e+0, -2.91735e-1, 0.00000e+0, -4.90947e+0, 0.00000e+0, 9.87752e-2, 0.00000e+0, 4.89310e+0, 0.00000e+0, 7.69705e+1, 0.00000e+0, 2.00000e+1, 1.70000e+1, 3, 4, 
2023/07/24 16:45:03.958, 8.35084e+2, 0.00000e+0, 5.21652e+2, 0.00000e+0, 1.81550e+4, 0.00000e+0, 8.50525e+2, 0.00000e+0, 5.31298e+2, 0.00000e+0, 5.00229e+2, 0.00000e+0, 3.77608e+1, 0.00000e+0, 4.26488e+1, 0.00000e+0, 4.25095e+0, 0.00000e+0, 3.03153e+0, 0.00000e+0, 0.00000e+0, -2.91719e-1, 0.00000e+0, -4.90947e+0, 0.00000e+0, 9.83574e-2, 0.00000e+0, 4.89192e+0, 0.00000e+0, 7.69002e+1, 0.00000e+0, 2.00000e+1, 1.70000e+1, 3, 5, 
2023/07/24 16:45:14.147, 8.34446e+2, 0.00000e+0, 5.21915e+2, 0.00000e+0, 1.82509e+4, 0.00000e+0, 8.49958e+2, 0.00000e+0, 5.31618e+2, 0.00000e+0, 5.00195e+2, 0.00000e+0, 3.77866e+1, 0.00000e+0, 4.26751e+1, 0.00000e+0, 4.24996e+0, 0.00000e+0, 3.03126e+0, 0.00000e+0, 0.00000e+0, -2.91701e-1, 0.00000e+0, -4.90947e+0, 0.00000e+0, 9.80969e-2, 0.00000e+0, 4.89080e+0, 0.00000e+0, 7.68336e+1, 0.00000e+0, 2.00000e+1, 1.70000e+1, 3, 6, 
2023/07/24 16:45:24.257, 8.33767e+2, 0.00000e+0, 5.21900e+2, 0.00000e+0, 1.83913e+4, 0.00000e+0, 8.49389e+2, 0.00000e+0, 5.31679e+2, 0.00000e+0, 5.00172e+2, 0.00000e+0, 3.78014e+1, 0.00000e+0, 4.26878e+1, 0.00000e+0, 4.24821e+0, 0.00000e+0, 3.03113e+0, 0.00000e+0, 0.00000e+0, -2.91684e-1, 0.00000e+0, -4.90946e+0, 0.00000e+0, 9.88826e-2, 0.00000e+0, 4.88961e+0, 0.00000e+0, 7.67627e+1, 0.00000e+0, 2.00000e+1, 1.70000e+1, 3, 7, 
2023/07/24 16:45:34.456, 8.33044e+2, 0.00000e+0, 5.22112e+2, 0.00000e+0, 1.84527e+4, 0.00000e+0, 8.48705e+2, 0.00000e+0, 5.31928e+2, 0.00000e+0, 5.00157e+2, 0.00000e+0, 3.78229e+1, 0.00000e+0, 4.26596e+1, 0.00000e+0, 4.24743e+0, 0.00000e+0, 3.03110e+0, 0.00000e+0, 0.00000e+0, -2.91666e-1, 0.00000e+0, -4.90945e+0, 0.00000e+0, 9.80777e-2, 0.00000e+0, 4.88801e+0, 0.00000e+0, 7.66675e+1, 0.00000e+0, 2.00000e+1, 1.70000e+1, 3, 8, 
2023/07/24 16:45:44.558, 8.31038e+2, 0.00000e+0, 5.20536e+2, 0.00000e+0, 1.93446e+4, 0.00000e+0, 8.47431e+2, 0.00000e+0, 5.30804e+2, 0.00000e+0, 5.00204e+2, 0.00000e+0, 3.78446e+1, 0.00000e+0, 4.26487e+1, 0.00000e+0, 4.24359e+0, 0.00000e+0, 3.03065e+0, 0.00000e+0, 0.00000e+0, -2.91647e-1, 0.00000e+0, -4.90945e+0, 0.00000e+0, 9.89903e-2, 0.00000e+0, 4.88709e+0, 0.00000e+0, 7.66122e+1, 0.00000e+0, 2.00000e+1, 1.70000e+1, 3, 1, 
2023/07/24 16:45:54.754, 8.29017e+2, 0.00000e+0, 5.19048e+2, 0.00000e+0, 2.00908e+4, 0.00000e+0, 8.46014e+2, 0.00000e+0, 5.29690e+2, 0.00000e+0, 5.00218e+2, 0.00000e+0, 3.78650e+1, 0.00000e+0, 4.26348e+1, 0.00000e+0, 4.24009e+0, 0.00000e+0, 3.03061e+0, 0.00000e+0, 0.00000e+0, -2.91629e-1, 0.00000e+0, -4.90945e+0, 0.00000e+0, 9.81162e-2, 0.00000e+0, 4.88587e+0, 0.00000e+0, 7.65401e+1, 0.00000e+0, 2.00000e+1, 1.70000e+1, 3, 2, 
2023/07/24 16:46:04.856, 8.28642e+2, 0.00000e+0, 5.20203e+2, 0.00000e+0, 1.97235e+4, 0.00000e+0, 8.45315e+2, 0.00000e+0, 5.30669e+2, 0.00000e+0, 5.00220e+2, 0.00000e+0, 3.78871e+1, 0.00000e+0, 4.26064e+1, 0.00000e+0, 4.24192e+0, 0.00000e+0, 3.03066e+0, 0.00000e+0, 0.00000e+0, -2.91613e-1, 0.00000e+0, -4.90945e+0, 0.00000e+0, 9.90295e-2, 0.00000e+0, 4.88479e+0, 0.00000e+0, 7.64758e+1, 0.00000e+0, 2.00000e+1, 1.70000e+1, 3, 3, 
2023/07/24 16:46:15.055, 8.28619e+2, 0.00000e+0, 5.21222e+2, 0.00000e+0, 1.94344e+4, 0.00000e+0, 8.45042e+2, 0.00000e+0, 5.31553e+2, 0.00000e+0, 5.00214e+2, 0.00000e+0, 3.79068e+1, 0.00000e+0, 4.25952e+1, 0.00000e+0, 4.24171e+0, 0.00000e+0, 3.03073e+0, 0.00000e+0, 0.00000e+0, -2.91596e-1, 0.00000e+0, -4.90945e+0, 0.00000e+0, 9.80296e-2, 0.00000e+0, 4.88394e+0, 0.00000e+0, 7.64247e+1, 0.00000e+0, 2.00000e+1, 1.70000e+1, 3, 4, 
2023/07/24 16:46:25.160, 8.28428e+2, 0.00000e+0, 5.22439e+2, 0.00000e+0, 1.90536e+4, 0.00000e+0, 8.44519e+2, 0.00000e+0, 5.32586e+2, 0.00000e+0, 5.00204e+2, 0.00000e+0, 3.79310e+1, 0.00000e+0, 4.25726e+1, 0.00000e+0, 4.24269e+0, 0.00000e+0, 3.03110e+0, 0.00000e+0, 0.00000e+0, -2.91581e-1, 0.00000e+0, -4.90945e+0, 0.00000e+0, 9.90099e-2, 0.00000e+0, 4.88265e+0, 0.00000e+0, 7.63481e+1, 0.00000e+0, 2.00000e+1, 1.70000e+1, 3, 5, 
2023/07/24 16:46:35.359, 8.27610e+2, 0.00000e+0, 5.22959e+2, 0.00000e+0, 1.89035e+4, 0.00000e+0, 8.43556e+2, 0.00000e+0, 5.33036e+2, 0.00000e+0, 5.00170e+2, 0.00000e+0, 3.79520e+1, 0.00000e+0, 4.25643e+1, 0.00000e+0, 4.24412e+0, 0.00000e+0, 3.03078e+0, 0.00000e+0, 0.00000e+0, -2.91567e-1, 0.00000e+0, -4.90945e+0, 0.00000e+0, 9.79912e-2, 0.00000e+0, 4.88145e+0, 0.00000e+0, 7.62766e+1, 0.00000e+0, 2.00000e+1, 1.70000e+1, 3, 6, 
2023/07/24 16:46:45.465, 8.26885e+2, 0.00000e+0, 5.22997e+2, 0.00000e+0, 1.89931e+4, 0.00000e+0, 8.42894e+2, 0.00000e+0, 5.33123e+2, 0.00000e+0, 5.00159e+2, 0.00000e+0, 3.79757e+1, 0.00000e+0, 4.25602e+1, 0.00000e+0, 4.24278e+0, 0.00000e+0, 3.03100e+0, 0.00000e+0, 0.00000e+0, -2.91555e-1, 0.00000e+0, -4.90946e+0, 0.00000e+0, 9.89805e-2, 0.00000e+0, 4.88012e+0, 0.00000e+0, 7.61974e+1, 0.00000e+0, 2.00000e+1, 1.70000e+1, 3, 7, 
2023/07/24 16:46:55.656, 8.25896e+2, 0.00000e+0, 5.23164e+2, 0.00000e+0, 1.90840e+4, 0.00000e+0, 8.41964e+2, 0.00000e+0, 5.33343e+2, 0.00000e+0, 5.00181e+2, 0.00000e+0, 3.79976e+1, 0.00000e+0, 4.25514e+1, 0.00000e+0, 4.24281e+0, 0.00000e+0, 3.03060e+0, 0.00000e+0, 0.00000e+0, -2.91542e-1, 0.00000e+0, -4.90948e+0, 0.00000e+0, 9.81547e-2, 0.00000e+0, 4.87913e+0, 0.00000e+0, 7.61386e+1, 0.00000e+0, 2.00000e+1, 1.70000e+1, 3, 8, 
2023/07/24 16:47:05.769, 8.25128e+2, 0.00000e+0, 5.23078e+2, 0.00000e+0, 2.03660e+4, 0.00000e+0, 8.42282e+2, 0.00000e+0, 5.33953e+2, 0.00000e+0, 5.00221e+2, 0.00000e+0, 3.80156e+1, 0.00000e+0, 4.25615e+1, 0.00000e+0, 4.24050e+0, 0.00000e+0, 3.03068e+0, 0.00000e+0, 0.00000e+0, -2.91531e-1, 0.00000e+0, -4.90949e+0, 0.00000e+0, 9.88728e-2, 0.00000e+0, 4.87774e+0, 0.00000e+0, 7.60562e+1, 0.00000e+0, 2.00000e+1, 1.70000e+1, 3, 1, 
2023/07/24 16:47:15.960, 8.24242e+2, 0.00000e+0, 5.23224e+2, 0.00000e+0, 2.03877e+4, 0.00000e+0, 8.41396e+2, 0.00000e+0, 5.34114e+2, 0.00000e+0, 5.00218e+2, 0.00000e+0, 3.80380e+1, 0.00000e+0, 4.25351e+1, 0.00000e+0, 4.24081e+0, 0.00000e+0, 3.03080e+0, 0.00000e+0, 0.00000e+0, -2.91520e-1, 0.00000e+0, -4.90952e+0, 0.00000e+0, 9.81354e-2, 0.00000e+0, 4.87717e+0, 0.00000e+0, 7.60222e+1, 0.00000e+0, 2.00000e+1, 1.70000e+1, 3, 2, 
2023/07/24 16:47:26.073, 8.23388e+2, 0.00000e+0, 5.23491e+2, 0.00000e+0, 2.02642e+4, 0.00000e+0, 8.40419e+2, 0.00000e+0, 5.34318e+2, 0.00000e+0, 5.00219e+2, 0.00000e+0, 3.80543e+1, 0.00000e+0, 4.25385e+1, 0.00000e+0, 4.24071e+0, 0.00000e+0, 3.03084e+0, 0.00000e+0, 0.00000e+0, -2.91511e-1, 0.00000e+0, -4.90954e+0, 0.00000e+0, 9.88338e-2, 0.00000e+0, 4.87556e+0, 0.00000e+0, 7.59260e+1, 0.00000e+0, 2.00000e+1, 1.70000e+1, 3, 3, 
2023/07/24 16:47:36.258, 8.22760e+2, 0.00000e+0, 5.23822e+2, 0.00000e+0, 2.00989e+4, 0.00000e+0, 8.39636e+2, 0.00000e+0, 5.34567e+2, 0.00000e+0, 5.00181e+2, 0.00000e+0, 3.80758e+1, 0.00000e+0, 4.25036e+1, 0.00000e+0, 4.23952e+0, 0.00000e+0, 3.03054e+0, 0.00000e+0, 0.00000e+0, -2.91511e-1, 0.00000e+0, -4.90955e+0, 0.00000e+0, 9.82608e-2, 0.00000e+0, 4.87470e+0, 0.00000e+0, 7.58751e+1, 0.00000e+0, 2.00000e+1, 1.70000e+1, 3, 4, 
2023/07/24 16:47:46.377, 8.21833e+2, 0.00000e+0, 5.23945e+2, 0.00000e+0, 1.99888e+4, 0.00000e+0, 8.38595e+2, 0.00000e+0, 5.34631e+2, 0.00000e+0, 5.00165e+2, 0.00000e+0, 3.80956e+1, 0.00000e+0, 4.24884e+1, 0.00000e+0, 4.23961e+0, 0.00000e+0, 3.03084e+0, 0.00000e+0, 0.00000e+0, -2.91511e-1, 0.00000e+0, -4.90956e+0, 0.00000e+0, 9.87557e-2, 0.00000e+0, 4.87333e+0, 0.00000e+0, 7.57935e+1, 0.00000e+0, 2.00000e+1, 1.70000e+1, 3, 5, 
2023/07/24 16:47:56.558, 8.21250e+2, 0.00000e+0, 5.24348e+2, 0.00000e+0, 1.98949e+4, 0.00000e+0, 8.37920e+2, 0.00000e+0, 5.34991e+2, 0.00000e+0, 5.00168e+2, 0.00000e+0, 3.81165e+1, 0.00000e+0, 4.24864e+1, 0.00000e+0, 4.23930e+0, 0.00000e+0, 3.03051e+0, 0.00000e+0, 0.00000e+0, -2.91511e-1, 0.00000e+0, -4.90958e+0, 0.00000e+0, 9.82511e-2, 0.00000e+0, 4.87176e+0, 0.00000e+0, 7.56998e+1, 0.00000e+0, 2.00000e+1, 1.70000e+1, 3, 6, 
2023/07/24 16:48:06.755, 8.20345e+2, 0.00000e+0, 5.24500e+2, 0.00000e+0, 1.99050e+4, 0.00000e+0, 8.37006e+2, 0.00000e+0, 5.35152e+2, 0.00000e+0, 5.00196e+2, 0.00000e+0, 3.81373e+1, 0.00000e+0, 4.25189e+1, 0.00000e+0, 4.23917e+0, 0.00000e+0, 3.03057e+0, 0.00000e+0, 0.00000e+0, -2.91511e-1, 0.00000e+0, -4.90960e+0, 0.00000e+0, 9.80681e-2, 0.00000e+0, 4.87057e+0, 0.00000e+0, 7.56294e+1, 0.00000e+0, 2.00000e+1, 1.70000e+1, 3, 7, 
2023/07/24 16:48:16.859, 8.19922e+2, 0.00000e+0, 5.24869e+2, 0.00000e+0, 1.98938e+4, 0.00000e+0, 8.36565e+2, 0.00000e+0, 5.35523e+2, 0.00000e+0, 5.00232e+2, 0.00000e+0, 3.81547e+1, 0.00000e+0, 4.25072e+1, 0.00000e+0, 4.23808e+0, 0.00000e+0, 3.03048e+0, 0.00000e+0, 0.00000e+0, -2.91511e-1, 0.00000e+0, -4.90962e+0, 0.00000e+0, 9.89805e-2, 0.00000e+0, 4.86910e+0, 0.00000e+0, 7.55417e+1, 0.00000e+0, 2.00000e+1, 1.70000e+1, 3, 8, 
2023/07/24 16:48:27.051, 8.19092e+2, 0.00000e+0, 5.25033e+2, 0.00000e+0, 2.00156e+4, 0.00000e+0, 8.35821e+2, 0.00000e+0, 5.35756e+2, 0.00000e+0, 5.00248e+2, 0.00000e+0, 3.81718e+1, 0.00000e+0, 4.24946e+1, 0.00000e+0, 4.23794e+0, 0.00000e+0, 3.03046e+0, 0.00000e+0, 0.00000e+0, -2.91511e-1, 0.00000e+0, -4.90964e+0, 0.00000e+0, 9.81162e-2, 0.00000e+0, 4.86745e+0, 0.00000e+0, 7.54433e+1, 0.00000e+0, 2.00000e+1, 1.70000e+1, 3, 1, 
2023/07/24 16:48:37.154, 8.18423e+2, 0.00000e+0, 5.25406e+2, 0.00000e+0, 1.99418e+4, 0.00000e+0, 8.35076e+2, 0.00000e+0, 5.36097e+2, 0.00000e+0, 5.00217e+2, 0.00000e+0, 3.81922e+1, 0.00000e+0, 4.24740e+1, 0.00000e+0, 4.23827e+0, 0.00000e+0, 3.03060e+0, 0.00000e+0, 0.00000e+0, -2.91511e-1, 0.00000e+0, -4.90967e+0, 0.00000e+0, 9.90295e-2, 0.00000e+0, 4.86619e+0, 0.00000e+0, 7.53686e+1, 0.00000e+0, 2.00000e+1, 1.70000e+1, 3, 2, 
2023/07/24 16:48:47.356, 8.18070e+2, 0.00000e+0, 5.25847e+2, 0.00000e+0, 1.99015e+4, 0.00000e+0, 8.34681e+2, 0.00000e+0, 5.36525e+2, 0.00000e+0, 5.00188e+2, 0.00000e+0, 3.82139e+1, 0.00000e+0, 4.24830e+1, 0.00000e+0, 4.23745e+0, 0.00000e+0, 3.03067e+0, 0.00000e+0, 0.00000e+0, -2.91511e-1, 0.00000e+0, -4.90970e+0, 0.00000e+0, 9.79624e-2, 0.00000e+0, 4.86456e+0, 0.00000e+0, 7.52714e+1, 0.00000e+0, 2.00000e+1, 1.70000e+1, 3, 3, 
2023/07/24 16:48:57.456, 8.17354e+2, 0.00000e+0, 5.26339e+2, 0.00000e+0, 1.98318e+4, 0.00000e+0, 8.33892e+2, 0.00000e+0, 5.36988e+2, 0.00000e+0, 5.00126e+2, 0.00000e+0, 3.82329e+1, 0.00000e+0, 4.24762e+1, 0.00000e+0, 4.23854e+0, 0.00000e+0, 3.03052e+0, 0.00000e+0, 0.00000e+0, -2.91511e-1, 0.00000e+0, -4.90974e+0, 0.00000e+0, 9.90295e-2, 0.00000e+0, 4.86386e+0, 0.00000e+0, 7.52298e+1, 0.00000e+0, 2.00000e+1, 1.70000e+1, 3, 4, 
2023/07/24 16:49:07.657, 8.16868e+2, 0.00000e+0, 5.26742e+2, 0.00000e+0, 1.97871e+4, 0.00000e+0, 8.33358e+2, 0.00000e+0, 5.37375e+2, 0.00000e+0, 5.00122e+2, 0.00000e+0, 3.82480e+1, 0.00000e+0, 4.24620e+1, 0.00000e+0, 4.23852e+0, 0.00000e+0, 3.03037e+0, 0.00000e+0, 0.00000e+0, -2.91511e-1, 0.00000e+0, -4.90977e+0, 0.00000e+0, 9.80200e-2, 0.00000e+0, 4.86284e+0, 0.00000e+0, 7.51692e+1, 0.00000e+0, 2.00000e+1, 1.70000e+1, 3, 5, 
2023/07/24 16:49:17.759, 8.16382e+2, 0.00000e+0, 5.27051e+2, 0.00000e+0, 1.96815e+4, 0.00000e+0, 8.32772e+2, 0.00000e+0, 5.37633e+2, 0.00000e+0, 5.00149e+2, 0.00000e+0, 3.82682e+1, 0.00000e+0, 4.24649e+1, 0.00000e+0, 4.23816e+0, 0.00000e+0, 3.03028e+0, 0.00000e+0, 0.00000e+0, -2.91511e-1, 0.00000e+0, -4.90980e+0, 0.00000e+0, 9.90491e-2, 0.00000e+0, 4.86230e+0, 0.00000e+0, 7.51367e+1, 0.00000e+0, 2.00000e+1, 1.70000e+1, 3, 6, 
2023/07/24 16:49:27.955, 8.15607e+2, 0.00000e+0, 5.27404e+2, 0.00000e+0, 1.95783e+4, 0.00000e+0, 8.31894e+2, 0.00000e+0, 5.37936e+2, 0.00000e+0, 5.00200e+2, 0.00000e+0, 3.82834e+1, 0.00000e+0, 4.24812e+1, 0.00000e+0, 4.23841e+0, 0.00000e+0, 3.03056e+0, 0.00000e+0, 0.00000e+0, -2.91511e-1, 0.00000e+0, -4.90984e+0, 0.00000e+0, 9.80584e-2, 0.00000e+0, 4.86111e+0, 0.00000e+0, 7.50663e+1, 0.00000e+0, 2.00000e+1, 1.70000e+1, 3, 7, 
2023/07/24 16:49:38.064, 8.15054e+2, 0.00000e+0, 5.27619e+2, 0.00000e+0, 1.95120e+4, 0.00000e+0, 8.31273e+2, 0.00000e+0, 5.38119e+2, 0.00000e+0, 5.00208e+2, 0.00000e+0, 3.83000e+1, 0.00000e+0, 4.24590e+1, 0.00000e+0, 4.23855e+0, 0.00000e+0, 3.03083e+0, 0.00000e+0, 0.00000e+0, -2.91511e-1, 0.00000e+0, -4.90988e+0, 0.00000e+0, 9.89120e-2, 0.00000e+0, 4.85970e+0, 0.00000e+0, 7.49821e+1, 0.00000e+0, 2.00000e+1, 1.70000e+1, 3, 8, 
2023/07/24 16:49:48.260, 8.14424e+2, 0.00000e+0, 5.28058e+2, 0.00000e+0, 1.94416e+4, 0.00000e+0, 8.30571e+2, 0.00000e+0, 5.38528e+2, 0.00000e+0, 5.00193e+2, 0.00000e+0, 3.83177e+1, 0.00000e+0, 4.24536e+1, 0.00000e+0, 4.23929e+0, 0.00000e+0, 3.03073e+0, 0.00000e+0, 0.00000e+0, -2.91511e-1, 0.00000e+0, -4.90990e+0, 0.00000e+0, 9.81065e-2, 0.00000e+0, 4.85875e+0, 0.00000e+0, 7.49254e+1, 0.00000e+0, 2.00000e+1, 1.70000e+1, 3, 1, 
2023/07/24 16:49:58.367, 8.13859e+2, 0.00000e+0, 5.28472e+2, 0.00000e+0, 1.93799e+4, 0.00000e+0, 8.29944e+2, 0.00000e+0, 5.38916e+2, 0.00000e+0, 5.00153e+2, 0.00000e+0, 3.83355e+1, 0.00000e+0, 4.24718e+1, 0.00000e+0, 4.23919e+0, 0.00000e+0, 3.03077e+0, 0.00000e+0, 0.00000e+0, -2.91521e-1, 0.00000e+0, -4.90991e+0, 0.00000e+0, 9.89218e-2, 0.00000e+0, 4.85731e+0, 0.00000e+0, 7.48398e+1, 0.00000e+0, 2.00000e+1, 1.70000e+1, 3, 2, 

