SN:3K430000012749 BD:Apr 19 2021 VC:7d9ffae MD5:34e03199e6006f2831fb02c414d62259
                     Time,      [CH4]_ppm,   [CH4]_ppm_sd,      [CO2]_ppm,   [CO2]_ppm_sd,      [H2O]_ppm,   [H2O]_ppm_sd,     [CH4]d_ppm,  [CH4]d_ppm_sd,     [CO2]d_ppm,  [CO2]d_ppm_sd,      GasP_torr,   GasP_torr_sd,         GasT_C,      GasT_C_sd,         AmbT_C,      AmbT_C_sd,         RD0_us,      RD0_us_sd,         RD1_us,      RD1_us_sd,     RD0_raw_us,         LTC0_v,      LTC0_v_sd,         LTC1_v,      LTC1_v_sd,             HZ,          HZ_sd,         Batt_v,      Batt_v_sd,        BattPer,     BattPer_sd, Temp_Status_mA,Analyzer_Status_mA,       Fit_Flag,      MIU_VALVE,       MIU_DESC
2023/07/24 18:00:11.857, 5.73921e+2, 0.00000e+0, 5.99167e+2, 0.00000e+0, 2.82950e+4, 0.00000e+0, 5.90633e+2, 0.00000e+0, 6.16614e+2, 0.00000e+0, 5.00386e+2, 0.00000e+0, 3.97859e+1, 0.00000e+0, 4.17323e+1, 0.00000e+0, 4.07586e+0, 0.00000e+0, 3.03141e+0, 0.00000e+0, 0.00000e+0, -2.93101e-1, 0.00000e+0, -4.91100e+0, 0.00000e+0, 9.82318e-2, 0.00000e+0, 4.17718e+0, 0.00000e+0, 3.43557e+1, 0.00000e+0, 2.00000e+1, 1.70000e+1, 3, 1, 
2023/07/24 18:00:21.978, 5.73345e+2, 0.00000e+0, 5.99101e+2, 0.00000e+0, 2.81592e+4, 0.00000e+0, 5.89958e+2, 0.00000e+0, 6.16460e+2, 0.00000e+0, 5.00402e+2, 0.00000e+0, 3.97724e+1, 0.00000e+0, 4.16851e+1, 0.00000e+0, 4.07547e+0, 0.00000e+0, 3.03161e+0, 0.00000e+0, 0.00000e+0, -2.93117e-1, 0.00000e+0, -4.91103e+0, 0.00000e+0, 9.87557e-2, 0.00000e+0, 4.17286e+0, 0.00000e+0, 3.40987e+1, 0.00000e+0, 2.00000e+1, 1.70000e+1, 3, 2, 
2023/07/24 18:00:32.158, 5.72998e+2, 0.00000e+0, 5.99306e+2, 0.00000e+0, 2.80728e+4, 0.00000e+0, 5.89549e+2, 0.00000e+0, 6.16617e+2, 0.00000e+0, 5.00327e+2, 0.00000e+0, 3.97625e+1, 0.00000e+0, 4.16831e+1, 0.00000e+0, 4.07501e+0, 0.00000e+0, 3.03170e+0, 0.00000e+0, 0.00000e+0, -2.93133e-1, 0.00000e+0, -4.91105e+0, 0.00000e+0, 9.83091e-2, 0.00000e+0, 4.16819e+0, 0.00000e+0, 3.38209e+1, 0.00000e+0, 2.00000e+1, 1.70000e+1, 3, 3, 
2023/07/24 18:00:42.348, 5.72653e+2, 0.00000e+0, 5.99740e+2, 0.00000e+0, 2.79244e+4, 0.00000e+0, 5.89103e+2, 0.00000e+0, 6.16969e+2, 0.00000e+0, 5.00299e+2, 0.00000e+0, 3.97487e+1, 0.00000e+0, 4.16648e+1, 0.00000e+0, 4.07526e+0, 0.00000e+0, 3.03191e+0, 0.00000e+0, 0.00000e+0, -2.93151e-1, 0.00000e+0, -4.91107e+0, 0.00000e+0, 9.81258e-2, 0.00000e+0, 4.16410e+0, 0.00000e+0, 3.35772e+1, 0.00000e+0, 2.00000e+1, 1.70000e+1, 3, 4, 
2023/07/24 18:00:52.454, 5.72416e+2, 0.00000e+0, 6.00398e+2, 0.00000e+0, 2.76314e+4, 0.00000e+0, 5.88682e+2, 0.00000e+0, 6.17459e+2, 0.00000e+0, 5.00285e+2, 0.00000e+0, 3.97376e+1, 0.00000e+0, 4.16498e+1, 0.00000e+0, 4.07563e+0, 0.00000e+0, 3.03212e+0, 0.00000e+0, 0.00000e+0, -2.93170e-1, 0.00000e+0, -4.91107e+0, 0.00000e+0, 9.89903e-2, 0.00000e+0, 4.16016e+0, 0.00000e+0, 3.33430e+1, 0.00000e+0, 2.00000e+1, 1.70000e+1, 3, 5, 
2023/07/24 18:01:02.655, 5.72102e+2, 0.00000e+0, 6.01108e+2, 0.00000e+0, 2.73848e+4, 0.00000e+0, 5.88210e+2, 0.00000e+0, 6.18032e+2, 0.00000e+0, 5.00329e+2, 0.00000e+0, 3.97236e+1, 0.00000e+0, 4.16326e+1, 0.00000e+0, 4.07655e+0, 0.00000e+0, 3.03208e+0, 0.00000e+0, 0.00000e+0, -2.93190e-1, 0.00000e+0, -4.91107e+0, 0.00000e+0, 9.79720e-2, 0.00000e+0, 4.15593e+0, 0.00000e+0, 3.30913e+1, 0.00000e+0, 2.00000e+1, 1.70000e+1, 3, 6, 
2023/07/24 18:01:12.757, 5.71562e+2, 0.00000e+0, 6.01455e+2, 0.00000e+0, 2.72336e+4, 0.00000e+0, 5.87563e+2, 0.00000e+0, 6.18294e+2, 0.00000e+0, 5.00392e+2, 0.00000e+0, 3.97111e+1, 0.00000e+0, 4.16033e+1, 0.00000e+0, 4.07739e+0, 0.00000e+0, 3.03227e+0, 0.00000e+0, 0.00000e+0, -2.93210e-1, 0.00000e+0, -4.91107e+0, 0.00000e+0, 9.90491e-2, 0.00000e+0, 4.15177e+0, 0.00000e+0, 3.28435e+1, 0.00000e+0, 2.00000e+1, 1.70000e+1, 3, 7, 
2023/07/24 18:01:22.960, 5.71270e+2, 0.00000e+0, 6.01939e+2, 0.00000e+0, 2.70406e+4, 0.00000e+0, 5.87146e+2, 0.00000e+0, 6.18668e+2, 0.00000e+0, 5.00386e+2, 0.00000e+0, 3.96993e+1, 0.00000e+0, 4.15910e+1, 0.00000e+0, 4.07675e+0, 0.00000e+0, 3.03194e+0, 0.00000e+0, 0.00000e+0, -2.93233e-1, 0.00000e+0, -4.91107e+0, 0.00000e+0, 9.79624e-2, 0.00000e+0, 4.14682e+0, 0.00000e+0, 3.25489e+1, 0.00000e+0, 2.00000e+1, 1.70000e+1, 3, 8, 
2023/07/24 18:01:33.062, 5.70969e+2, 0.00000e+0, 6.02414e+2, 0.00000e+0, 2.67473e+4, 0.00000e+0, 5.86661e+2, 0.00000e+0, 6.18970e+2, 0.00000e+0, 5.00371e+2, 0.00000e+0, 3.96865e+1, 0.00000e+0, 4.15851e+1, 0.00000e+0, 4.07728e+0, 0.00000e+0, 3.03212e+0, 0.00000e+0, 0.00000e+0, -2.93256e-1, 0.00000e+0, -4.91107e+0, 0.00000e+0, 9.90099e-2, 0.00000e+0, 4.14197e+0, 0.00000e+0, 3.22604e+1, 0.00000e+0, 2.00000e+1, 1.70000e+1, 3, 1, 
2023/07/24 18:01:43.258, 5.70447e+2, 0.00000e+0, 6.02407e+2, 0.00000e+0, 2.67225e+4, 0.00000e+0, 5.86110e+2, 0.00000e+0, 6.18947e+2, 0.00000e+0, 5.00323e+2, 0.00000e+0, 3.96739e+1, 0.00000e+0, 4.15623e+1, 0.00000e+0, 4.07676e+0, 0.00000e+0, 3.03174e+0, 0.00000e+0, 0.00000e+0, -2.93279e-1, 0.00000e+0, -4.91107e+0, 0.00000e+0, 9.80969e-2, 0.00000e+0, 4.13715e+0, 0.00000e+0, 3.19733e+1, 0.00000e+0, 2.00000e+1, 1.70000e+1, 3, 2, 
2023/07/24 18:01:53.359, 5.69823e+2, 0.00000e+0, 6.02113e+2, 0.00000e+0, 2.67017e+4, 0.00000e+0, 5.85456e+2, 0.00000e+0, 6.18631e+2, 0.00000e+0, 5.00303e+2, 0.00000e+0, 3.96605e+1, 0.00000e+0, 4.15823e+1, 0.00000e+0, 4.07609e+0, 0.00000e+0, 3.03221e+0, 0.00000e+0, 0.00000e+0, -2.93305e-1, 0.00000e+0, -4.91107e+0, 0.00000e+0, 9.90393e-2, 0.00000e+0, 4.13194e+0, 0.00000e+0, 3.16632e+1, 0.00000e+0, 2.00000e+1, 1.70000e+1, 3, 3, 
2023/07/24 18:02:03.563, 5.69421e+2, 0.00000e+0, 6.02024e+2, 0.00000e+0, 2.67561e+4, 0.00000e+0, 5.85075e+2, 0.00000e+0, 6.18575e+2, 0.00000e+0, 5.00326e+2, 0.00000e+0, 3.96466e+1, 0.00000e+0, 4.15647e+1, 0.00000e+0, 4.07510e+0, 0.00000e+0, 3.03232e+0, 0.00000e+0, 0.00000e+0, -2.93331e-1, 0.00000e+0, -4.91107e+0, 0.00000e+0, 9.79720e-2, 0.00000e+0, 4.12715e+0, 0.00000e+0, 3.13782e+1, 0.00000e+0, 2.00000e+1, 1.70000e+1, 3, 4, 
2023/07/24 18:02:13.664, 5.69382e+2, 0.00000e+0, 6.01944e+2, 0.00000e+0, 2.70919e+4, 0.00000e+0, 5.85237e+2, 0.00000e+0, 6.18706e+2, 0.00000e+0, 5.00346e+2, 0.00000e+0, 3.96315e+1, 0.00000e+0, 4.15293e+1, 0.00000e+0, 4.07283e+0, 0.00000e+0, 3.03215e+0, 0.00000e+0, 0.00000e+0, -2.93331e-1, 0.00000e+0, -4.91107e+0, 0.00000e+0, 9.90491e-2, 0.00000e+0, 4.12227e+0, 0.00000e+0, 3.10876e+1, 0.00000e+0, 2.00000e+1, 1.70000e+1, 3, 5, 
2023/07/24 18:02:23.862, 5.68602e+2, 0.00000e+0, 6.01497e+2, 0.00000e+0, 2.73069e+4, 0.00000e+0, 5.84565e+2, 0.00000e+0, 6.18383e+2, 0.00000e+0, 5.00385e+2, 0.00000e+0, 3.96195e+1, 0.00000e+0, 4.15277e+1, 0.00000e+0, 4.07247e+0, 0.00000e+0, 3.03158e+0, 0.00000e+0, 0.00000e+0, -2.93342e-1, 0.00000e+0, -4.91108e+0, 0.00000e+0, 9.80296e-2, 0.00000e+0, 4.11717e+0, 0.00000e+0, 3.07836e+1, 0.00000e+0, 2.00000e+1, 1.70000e+1, 3, 6, 
2023/07/24 18:02:33.968, 5.68229e+2, 0.00000e+0, 6.01924e+2, 0.00000e+0, 2.70963e+4, 0.00000e+0, 5.84055e+2, 0.00000e+0, 6.18688e+2, 0.00000e+0, 5.00389e+2, 0.00000e+0, 3.96084e+1, 0.00000e+0, 4.15246e+1, 0.00000e+0, 4.07337e+0, 0.00000e+0, 3.03165e+0, 0.00000e+0, 0.00000e+0, -2.93354e-1, 0.00000e+0, -4.91109e+0, 0.00000e+0, 9.89315e-2, 0.00000e+0, 4.11181e+0, 0.00000e+0, 3.04650e+1, 0.00000e+0, 2.00000e+1, 1.70000e+1, 3, 7, 
2023/07/24 18:02:44.157, 5.67924e+2, 0.00000e+0, 6.02138e+2, 0.00000e+0, 2.70127e+4, 0.00000e+0, 5.83691e+2, 0.00000e+0, 6.18855e+2, 0.00000e+0, 5.00375e+2, 0.00000e+0, 3.95929e+1, 0.00000e+0, 4.14870e+1, 0.00000e+0, 4.07265e+0, 0.00000e+0, 3.03174e+0, 0.00000e+0, 0.00000e+0, -2.93368e-1, 0.00000e+0, -4.91110e+0, 0.00000e+0, 9.81643e-2, 0.00000e+0, 4.10625e+0, 0.00000e+0, 3.01336e+1, 0.00000e+0, 2.00000e+1, 1.70000e+1, 3, 8, 
2023/07/24 18:02:54.273, 5.67658e+2, 0.00000e+0, 6.02354e+2, 0.00000e+0, 2.69368e+4, 0.00000e+0, 5.83372e+2, 0.00000e+0, 6.19029e+2, 0.00000e+0, 5.00353e+2, 0.00000e+0, 3.95848e+1, 0.00000e+0, 4.14684e+1, 0.00000e+0, 4.07282e+0, 0.00000e+0, 3.03194e+0, 0.00000e+0, 0.00000e+0, -2.93382e-1, 0.00000e+0, -4.91111e+0, 0.00000e+0, 9.88142e-2, 0.00000e+0, 4.10118e+0, 0.00000e+0, 2.98319e+1, 0.00000e+0, 2.00000e+1, 1.70000e+1, 3, 1, 
2023/07/24 18:03:04.457, 5.67134e+2, 0.00000e+0, 6.02536e+2, 0.00000e+0, 2.68512e+4, 0.00000e+0, 5.82783e+2, 0.00000e+0, 6.19161e+2, 0.00000e+0, 5.00314e+2, 0.00000e+0, 3.95718e+1, 0.00000e+0, 4.14681e+1, 0.00000e+0, 4.07306e+0, 0.00000e+0, 3.03215e+0, 0.00000e+0, 0.00000e+0, -2.93398e-1, 0.00000e+0, -4.91113e+0, 0.00000e+0, 9.82222e-2, 0.00000e+0, 4.09519e+0, 0.00000e+0, 2.94754e+1, 0.00000e+0, 2.00000e+1, 1.70000e+1, 3, 2, 
2023/07/24 18:03:14.576, 5.66646e+2, 0.00000e+0, 6.02785e+2, 0.00000e+0, 2.68502e+4, 0.00000e+0, 5.82280e+2, 0.00000e+0, 6.19416e+2, 0.00000e+0, 5.00329e+2, 0.00000e+0, 3.95577e+1, 0.00000e+0, 4.14280e+1, 0.00000e+0, 4.07241e+0, 0.00000e+0, 3.03217e+0, 0.00000e+0, 0.00000e+0, -2.93415e-1, 0.00000e+0, -4.91114e+0, 0.00000e+0, 9.88338e-2, 0.00000e+0, 4.08988e+0, 0.00000e+0, 2.91597e+1, 0.00000e+0, 2.00000e+1, 1.70000e+1, 3, 3, 
2023/07/24 18:03:24.755, 5.66139e+2, 0.00000e+0, 6.02804e+2, 0.00000e+0, 2.68750e+4, 0.00000e+0, 5.81774e+2, 0.00000e+0, 6.19452e+2, 0.00000e+0, 5.00354e+2, 0.00000e+0, 3.95444e+1, 0.00000e+0, 4.14191e+1, 0.00000e+0, 4.07149e+0, 0.00000e+0, 3.03247e+0, 0.00000e+0, 0.00000e+0, -2.93433e-1, 0.00000e+0, -4.91115e+0, 0.00000e+0, 9.82415e-2, 0.00000e+0, 4.08389e+0, 0.00000e+0, 2.88028e+1, 0.00000e+0, 2.00000e+1, 1.70000e+1, 3, 4, 
2023/07/24 18:03:34.888, 5.64392e+2, 0.00000e+0, 5.99953e+2, 0.00000e+0, 2.82163e+4, 0.00000e+0, 5.80779e+2, 0.00000e+0, 6.17373e+2, 0.00000e+0, 5.00379e+2, 0.00000e+0, 3.95333e+1, 0.00000e+0, 4.13911e+1, 0.00000e+0, 4.06845e+0, 0.00000e+0, 3.03191e+0, 0.00000e+0, 0.00000e+0, -2.93451e-1, 0.00000e+0, -4.91117e+0, 0.00000e+0, 9.87069e-2, 0.00000e+0, 4.07810e+0, 0.00000e+0, 2.84581e+1, 0.00000e+0, 2.00000e+1, 1.70000e+1, 3, 5, 
2023/07/24 18:03:45.062, 5.63431e+2, 0.00000e+0, 5.98845e+2, 0.00000e+0, 2.88205e+4, 0.00000e+0, 5.80152e+2, 0.00000e+0, 6.16617e+2, 0.00000e+0, 5.00377e+2, 0.00000e+0, 3.95203e+1, 0.00000e+0, 4.13624e+1, 0.00000e+0, 4.06658e+0, 0.00000e+0, 3.03151e+0, 0.00000e+0, 0.00000e+0, -2.93469e-1, 0.00000e+0, -4.91118e+0, 0.00000e+0, 9.83187e-2, 0.00000e+0, 4.07221e+0, 0.00000e+0, 2.81077e+1, 0.00000e+0, 2.00000e+1, 1.70000e+1, 3, 6, 
2023/07/24 18:03:55.253, 5.63126e+2, 0.00000e+0, 5.99796e+2, 0.00000e+0, 2.84810e+4, 0.00000e+0, 5.79635e+2, 0.00000e+0, 6.17379e+2, 0.00000e+0, 5.00374e+2, 0.00000e+0, 3.95109e+1, 0.00000e+0, 4.13319e+1, 0.00000e+0, 4.06648e+0, 0.00000e+0, 3.03168e+0, 0.00000e+0, 0.00000e+0, -2.93488e-1, 0.00000e+0, -4.91120e+0, 0.00000e+0, 9.80873e-2, 0.00000e+0, 4.06617e+0, 0.00000e+0, 2.77481e+1, 0.00000e+0, 2.00000e+1, 1.70000e+1, 3, 7, 
2023/07/24 18:04:05.356, 5.62682e+2, 0.00000e+0, 6.00341e+2, 0.00000e+0, 2.82977e+4, 0.00000e+0, 5.79068e+2, 0.00000e+0, 6.17824e+2, 0.00000e+0, 5.00349e+2, 0.00000e+0, 3.94928e+1, 0.00000e+0, 4.13318e+1, 0.00000e+0, 4.06630e+0, 0.00000e+0, 3.03175e+0, 0.00000e+0, 0.00000e+0, -2.93508e-1, 0.00000e+0, -4.91122e+0, 0.00000e+0, 9.90197e-2, 0.00000e+0, 4.05987e+0, 0.00000e+0, 2.73734e+1, 0.00000e+0, 2.00000e+1, 1.70000e+1, 3, 8, 
2023/07/24 18:04:15.554, 5.62382e+2, 0.00000e+0, 6.00919e+2, 0.00000e+0, 2.80265e+4, 0.00000e+0, 5.78598e+2, 0.00000e+0, 6.18246e+2, 0.00000e+0, 5.00314e+2, 0.00000e+0, 3.94782e+1, 0.00000e+0, 4.13348e+1, 0.00000e+0, 4.06602e+0, 0.00000e+0, 3.03186e+0, 0.00000e+0, 0.00000e+0, -2.93528e-1, 0.00000e+0, -4.91123e+0, 0.00000e+0, 9.80681e-2, 0.00000e+0, 4.05365e+0, 0.00000e+0, 2.70031e+1, 0.00000e+0, 2.00000e+1, 1.70000e+1, 3, 1, 
2023/07/24 18:04:25.654, 5.61856e+2, 0.00000e+0, 6.01199e+2, 0.00000e+0, 2.78427e+4, 0.00000e+0, 5.77948e+2, 0.00000e+0, 6.18418e+2, 0.00000e+0, 5.00339e+2, 0.00000e+0, 3.94674e+1, 0.00000e+0, 4.13195e+1, 0.00000e+0, 4.06595e+0, 0.00000e+0, 3.03202e+0, 0.00000e+0, 0.00000e+0, -2.93549e-1, 0.00000e+0, -4.91125e+0, 0.00000e+0, 9.90295e-2, 0.00000e+0, 4.04753e+0, 0.00000e+0, 2.66388e+1, 0.00000e+0, 2.00000e+1, 1.70000e+1, 3, 2, 
2023/07/24 18:04:35.859, 5.61419e+2, 0.00000e+0, 6.01508e+2, 0.00000e+0, 2.77581e+4, 0.00000e+0, 5.77448e+2, 0.00000e+0, 6.18682e+2, 0.00000e+0, 5.00372e+2, 0.00000e+0, 3.94538e+1, 0.00000e+0, 4.12977e+1, 0.00000e+0, 4.06565e+0, 0.00000e+0, 3.03187e+0, 0.00000e+0, 0.00000e+0, -2.93571e-1, 0.00000e+0, -4.91127e+0, 0.00000e+0, 9.79912e-2, 0.00000e+0, 4.04101e+0, 0.00000e+0, 2.62504e+1, 0.00000e+0, 2.00000e+1, 1.70000e+1, 3, 3, 
2023/07/24 18:04:45.960, 5.60975e+2, 0.00000e+0, 6.01877e+2, 0.00000e+0, 2.76538e+4, 0.00000e+0, 5.76929e+2, 0.00000e+0, 6.18994e+2, 0.00000e+0, 5.00395e+2, 0.00000e+0, 3.94443e+1, 0.00000e+0, 4.12471e+1, 0.00000e+0, 4.06598e+0, 0.00000e+0, 3.03172e+0, 0.00000e+0, 0.00000e+0, -2.93593e-1, 0.00000e+0, -4.91129e+0, 0.00000e+0, 9.89218e-2, 0.00000e+0, 4.03409e+0, 0.00000e+0, 2.58385e+1, 0.00000e+0, 2.00000e+1, 1.70000e+1, 3, 4, 
2023/07/24 18:04:56.160, 5.60510e+2, 0.00000e+0, 6.02408e+2, 0.00000e+0, 2.76248e+4, 0.00000e+0, 5.76434e+2, 0.00000e+0, 6.19522e+2, 0.00000e+0, 5.00414e+2, 0.00000e+0, 3.94301e+1, 0.00000e+0, 4.12521e+1, 0.00000e+0, 4.06664e+0, 0.00000e+0, 3.03135e+0, 0.00000e+0, 0.00000e+0, -2.93616e-1, 0.00000e+0, -4.91131e+0, 0.00000e+0, 9.81258e-2, 0.00000e+0, 4.02714e+0, 0.00000e+0, 2.54249e+1, 0.00000e+0, 2.00000e+1, 1.70000e+1, 3, 5, 
2023/07/24 18:05:06.263, 5.60173e+2, 0.00000e+0, 6.02509e+2, 0.00000e+0, 2.75003e+4, 0.00000e+0, 5.76014e+2, 0.00000e+0, 6.19547e+2, 0.00000e+0, 5.00389e+2, 0.00000e+0, 3.94169e+1, 0.00000e+0, 4.12136e+1, 0.00000e+0, 4.06653e+0, 0.00000e+0, 3.03167e+0, 0.00000e+0, 0.00000e+0, -2.93640e-1, 0.00000e+0, -4.91133e+0, 0.00000e+0, 9.89218e-2, 0.00000e+0, 4.02047e+0, 0.00000e+0, 2.50282e+1, 0.00000e+0, 2.00000e+1, 1.70000e+1, 3, 6, 
2023/07/24 18:05:16.460, 5.60303e+2, 0.00000e+0, 6.02707e+2, 0.00000e+0, 2.76880e+4, 0.00000e+0, 5.76258e+2, 0.00000e+0, 6.19870e+2, 0.00000e+0, 5.00337e+2, 0.00000e+0, 3.94054e+1, 0.00000e+0, 4.12083e+1, 0.00000e+0, 4.06459e+0, 0.00000e+0, 3.03152e+0, 0.00000e+0, 0.00000e+0, -2.93640e-1, 0.00000e+0, -4.91135e+0, 0.00000e+0, 9.80969e-2, 0.00000e+0, 4.01392e+0, 0.00000e+0, 2.46379e+1, 0.00000e+0, 2.00000e+1, 1.70000e+1, 3, 7, 
2023/07/24 18:05:26.567, 5.59922e+2, 0.00000e+0, 6.02720e+2, 0.00000e+0, 2.75896e+4, 0.00000e+0, 5.75809e+2, 0.00000e+0, 6.19820e+2, 0.00000e+0, 5.00291e+2, 0.00000e+0, 3.93955e+1, 0.00000e+0, 4.12240e+1, 0.00000e+0, 4.06458e+0, 0.00000e+0, 3.03168e+0, 0.00000e+0, 0.00000e+0, -2.93640e-1, 0.00000e+0, -4.91137e+0, 0.00000e+0, 9.89609e-2, 0.00000e+0, 4.00771e+0, 0.00000e+0, 2.42682e+1, 0.00000e+0, 2.00000e+1, 1.70000e+1, 3, 8, 
2023/07/24 18:05:36.753, 5.59314e+2, 0.00000e+0, 6.02906e+2, 0.00000e+0, 2.75721e+4, 0.00000e+0, 5.75173e+2, 0.00000e+0, 6.20001e+2, 0.00000e+0, 5.00316e+2, 0.00000e+0, 3.93788e+1, 0.00000e+0, 4.11957e+1, 0.00000e+0, 4.06426e+0, 0.00000e+0, 3.03111e+0, 0.00000e+0, 0.00000e+0, -2.93640e-1, 0.00000e+0, -4.91137e+0, 0.00000e+0, 9.82415e-2, 0.00000e+0, 4.00192e+0, 0.00000e+0, 2.39239e+1, 0.00000e+0, 2.00000e+1, 1.70000e+1, 3, 1, 
2023/07/24 18:05:46.871, 5.58613e+2, 0.00000e+0, 6.03043e+2, 0.00000e+0, 2.75315e+4, 0.00000e+0, 5.74428e+2, 0.00000e+0, 6.20116e+2, 0.00000e+0, 5.00352e+2, 0.00000e+0, 3.93623e+1, 0.00000e+0, 4.11496e+1, 0.00000e+0, 4.06438e+0, 0.00000e+0, 3.03145e+0, 0.00000e+0, 0.00000e+0, -2.93640e-1, 0.00000e+0, -4.91137e+0, 0.00000e+0, 9.87849e-2, 0.00000e+0, 3.99521e+0, 0.00000e+0, 2.35247e+1, 0.00000e+0, 2.00000e+1, 1.70000e+1, 3, 2, 
2023/07/24 18:05:57.058, 5.58246e+2, 0.00000e+0, 6.03316e+2, 0.00000e+0, 2.74452e+4, 0.00000e+0, 5.73999e+2, 0.00000e+0, 6.20341e+2, 0.00000e+0, 5.00393e+2, 0.00000e+0, 3.93499e+1, 0.00000e+0, 4.11271e+1, 0.00000e+0, 4.06384e+0, 0.00000e+0, 3.03128e+0, 0.00000e+0, 0.00000e+0, -2.93650e-1, 0.00000e+0, -4.91137e+0, 0.00000e+0, 9.81643e-2, 0.00000e+0, 3.98859e+0, 0.00000e+0, 2.31302e+1, 0.00000e+0, 2.00000e+1, 1.70000e+1, 3, 3, 
2023/07/24 18:06:07.175, 5.57834e+2, 0.00000e+0, 6.03093e+2, 0.00000e+0, 2.73816e+4, 0.00000e+0, 5.73538e+2, 0.00000e+0, 6.20071e+2, 0.00000e+0, 5.00392e+2, 0.00000e+0, 3.93444e+1, 0.00000e+0, 4.11374e+1, 0.00000e+0, 4.06315e+0, 0.00000e+0, 3.03192e+0, 0.00000e+0, 0.00000e+0, -2.93662e-1, 0.00000e+0, -4.91137e+0, 0.00000e+0, 9.88142e-2, 0.00000e+0, 3.98157e+0, 0.00000e+0, 2.27124e+1, 0.00000e+0, 2.00000e+1, 1.70000e+1, 3, 4, 
2023/07/24 18:06:17.356, 5.56966e+2, 0.00000e+0, 6.02393e+2, 0.00000e+0, 2.77226e+4, 0.00000e+0, 5.72847e+2, 0.00000e+0, 6.19569e+2, 0.00000e+0, 5.00381e+2, 0.00000e+0, 3.93303e+1, 0.00000e+0, 4.11423e+1, 0.00000e+0, 4.06229e+0, 0.00000e+0, 3.03127e+0, 0.00000e+0, 0.00000e+0, -2.93675e-1, 0.00000e+0, -4.91137e+0, 0.00000e+0, 9.82415e-2, 0.00000e+0, 3.97475e+0, 0.00000e+0, 2.23064e+1, 0.00000e+0, 2.00000e+1, 1.70000e+1, 3, 5, 
2023/07/24 18:06:27.487, 5.56454e+2, 0.00000e+0, 6.02474e+2, 0.00000e+0, 2.76643e+4, 0.00000e+0, 5.72286e+2, 0.00000e+0, 6.19616e+2, 0.00000e+0, 5.00336e+2, 0.00000e+0, 3.93151e+1, 0.00000e+0, 4.11365e+1, 0.00000e+0, 4.06191e+0, 0.00000e+0, 3.03119e+0, 0.00000e+0, 0.00000e+0, -2.93690e-1, 0.00000e+0, -4.91138e+0, 0.00000e+0, 9.87069e-2, 0.00000e+0, 3.96753e+0, 0.00000e+0, 2.18766e+1, 0.00000e+0, 2.00000e+1, 1.70000e+1, 3, 6, 
2023/07/24 18:06:37.661, 5.55994e+2, 0.00000e+0, 6.02569e+2, 0.00000e+0, 2.75635e+4, 0.00000e+0, 5.71753e+2, 0.00000e+0, 6.19648e+2, 0.00000e+0, 5.00300e+2, 0.00000e+0, 3.93012e+1, 0.00000e+0, 4.11249e+1, 0.00000e+0, 4.06184e+0, 0.00000e+0, 3.03162e+0, 0.00000e+0, 0.00000e+0, -2.93706e-1, 0.00000e+0, -4.91139e+0, 0.00000e+0, 9.82704e-2, 0.00000e+0, 3.96070e+0, 0.00000e+0, 2.14701e+1, 0.00000e+0, 2.00000e+1, 1.70000e+1, 3, 7, 
2023/07/24 18:06:47.857, 5.55383e+2, 0.00000e+0, 6.02705e+2, 0.00000e+0, 2.75569e+4, 0.00000e+0, 5.71122e+2, 0.00000e+0, 6.19784e+2, 0.00000e+0, 5.00323e+2, 0.00000e+0, 3.92886e+1, 0.00000e+0, 4.11188e+1, 0.00000e+0, 4.06143e+0, 0.00000e+0, 3.03146e+0, 0.00000e+0, 0.00000e+0, -2.93724e-1, 0.00000e+0, -4.91141e+0, 0.00000e+0, 9.81162e-2, 0.00000e+0, 3.95384e+0, 0.00000e+0, 2.10620e+1, 0.00000e+0, 2.00000e+1, 1.70000e+1, 3, 8, 
2023/07/24 18:06:57.956, 5.54928e+2, 0.00000e+0, 6.02931e+2, 0.00000e+0, 2.75871e+4, 0.00000e+0, 5.70671e+2, 0.00000e+0, 6.20036e+2, 0.00000e+0, 5.00349e+2, 0.00000e+0, 3.92769e+1, 0.00000e+0, 4.11177e+1, 0.00000e+0, 4.06126e+0, 0.00000e+0, 3.03162e+0, 0.00000e+0, 0.00000e+0, -2.93742e-1, 0.00000e+0, -4.91142e+0, 0.00000e+0, 9.90491e-2, 0.00000e+0, 3.94692e+0, 0.00000e+0, 2.06499e+1, 0.00000e+0, 2.00000e+1, 1.70000e+1, 3, 1, 
2023/07/24 18:07:08.159, 5.54587e+2, 0.00000e+0, 6.03212e+2, 0.00000e+0, 2.75467e+4, 0.00000e+0, 5.70297e+2, 0.00000e+0, 6.20299e+2, 0.00000e+0, 5.00395e+2, 0.00000e+0, 3.92659e+1, 0.00000e+0, 4.10928e+1, 0.00000e+0, 4.06090e+0, 0.00000e+0, 3.03131e+0, 0.00000e+0, 0.00000e+0, -2.93760e-1, 0.00000e+0, -4.91144e+0, 0.00000e+0, 9.80392e-2, 0.00000e+0, 3.93982e+0, 0.00000e+0, 2.02275e+1, 0.00000e+0, 2.00000e+1, 1.70000e+1, 3, 2, 
2023/07/24 18:07:18.257, 5.54264e+2, 0.00000e+0, 6.03351e+2, 0.00000e+0, 2.74430e+4, 0.00000e+0, 5.69904e+2, 0.00000e+0, 6.20376e+2, 0.00000e+0, 5.00390e+2, 0.00000e+0, 3.92542e+1, 0.00000e+0, 4.10976e+1, 0.00000e+0, 4.06065e+0, 0.00000e+0, 3.03129e+0, 0.00000e+0, 0.00000e+0, -2.93779e-1, 0.00000e+0, -4.91146e+0, 0.00000e+0, 9.90295e-2, 0.00000e+0, 3.93277e+0, 0.00000e+0, 1.98079e+1, 0.00000e+0, 2.00000e+1, 1.70000e+1, 3, 3, 
2023/07/24 18:07:28.452, 5.53561e+2, 0.00000e+0, 6.03137e+2, 0.00000e+0, 2.75695e+4, 0.00000e+0, 5.69255e+2, 0.00000e+0, 6.20236e+2, 0.00000e+0, 5.00381e+2, 0.00000e+0, 3.92423e+1, 0.00000e+0, 4.10953e+1, 0.00000e+0, 4.06027e+0, 0.00000e+0, 3.03164e+0, 0.00000e+0, 0.00000e+0, -2.93799e-1, 0.00000e+0, -4.91147e+0, 0.00000e+0, 9.80777e-2, 0.00000e+0, 3.92559e+0, 0.00000e+0, 1.93804e+1, 0.00000e+0, 2.00000e+1, 1.70000e+1, 3, 4, 
2023/07/24 18:07:38.558, 5.52874e+2, 0.00000e+0, 6.02435e+2, 0.00000e+0, 2.79731e+4, 0.00000e+0, 5.68785e+2, 0.00000e+0, 6.19772e+2, 0.00000e+0, 5.00330e+2, 0.00000e+0, 3.92328e+1, 0.00000e+0, 4.10580e+1, 0.00000e+0, 4.05984e+0, 0.00000e+0, 3.03156e+0, 0.00000e+0, 0.00000e+0, -2.93821e-1, 0.00000e+0, -4.91150e+0, 0.00000e+0, 9.89413e-2, 0.00000e+0, 3.91849e+0, 0.00000e+0, 1.89576e+1, 0.00000e+0, 2.00000e+1, 1.70000e+1, 3, 5, 
2023/07/24 18:07:48.761, 5.51231e+2, 0.00000e+0, 5.99433e+2, 0.00000e+0, 2.93998e+4, 0.00000e+0, 5.67928e+2, 0.00000e+0, 6.17590e+2, 0.00000e+0, 5.00330e+2, 0.00000e+0, 3.92166e+1, 0.00000e+0, 4.10222e+1, 0.00000e+0, 4.05601e+0, 0.00000e+0, 3.03142e+0, 0.00000e+0, 0.00000e+0, -2.93844e-1, 0.00000e+0, -4.91152e+0, 0.00000e+0, 9.80488e-2, 0.00000e+0, 3.91114e+0, 0.00000e+0, 1.85203e+1, 0.00000e+0, 2.00000e+1, 1.70000e+1, 3, 6, 
2023/07/24 18:07:58.861, 5.49757e+2, 0.00000e+0, 5.96614e+2, 0.00000e+0, 3.07745e+4, 0.00000e+0, 5.67213e+2, 0.00000e+0, 6.15557e+2, 0.00000e+0, 5.00333e+2, 0.00000e+0, 3.92029e+1, 0.00000e+0, 4.10255e+1, 0.00000e+0, 4.05239e+0, 0.00000e+0, 3.03145e+0, 0.00000e+0, 0.00000e+0, -2.93867e-1, 0.00000e+0, -4.91154e+0, 0.00000e+0, 9.89903e-2, 0.00000e+0, 3.90379e+0, 0.00000e+0, 1.80826e+1, 0.00000e+0, 2.00000e+1, 1.70000e+1, 3, 7, 
2023/07/24 18:08:09.054, 5.49608e+2, 0.00000e+0, 5.98332e+2, 0.00000e+0, 3.02424e+4, 0.00000e+0, 5.66748e+2, 0.00000e+0, 6.16991e+2, 0.00000e+0, 5.00364e+2, 0.00000e+0, 3.91907e+1, 0.00000e+0, 4.10284e+1, 0.00000e+0, 4.05378e+0, 0.00000e+0, 3.03111e+0, 0.00000e+0, 0.00000e+0, -2.93889e-1, 0.00000e+0, -4.91156e+0, 0.00000e+0, 9.81065e-2, 0.00000e+0, 3.89634e+0, 0.00000e+0, 1.76391e+1, 0.00000e+0, 2.00000e+1, 1.70000e+1, 3, 8, 
2023/07/24 18:08:19.165, 5.49541e+2, 0.00000e+0, 5.99593e+2, 0.00000e+0, 2.98154e+4, 0.00000e+0, 5.66429e+2, 0.00000e+0, 6.18020e+2, 0.00000e+0, 5.00392e+2, 0.00000e+0, 3.91809e+1, 0.00000e+0, 4.10288e+1, 0.00000e+0, 4.05468e+0, 0.00000e+0, 3.03136e+0, 0.00000e+0, 0.00000e+0, -2.93912e-1, 0.00000e+0, -4.91158e+0, 0.00000e+0, 9.88826e-2, 0.00000e+0, 3.88909e+0, 0.00000e+0, 1.72075e+1, 0.00000e+0, 2.00000e+1, 1.70000e+1, 3, 1, 
2023/07/24 18:08:29.354, 5.49295e+2, 0.00000e+0, 6.00604e+2, 0.00000e+0, 2.94593e+4, 0.00000e+0, 5.65968e+2, 0.00000e+0, 6.18835e+2, 0.00000e+0, 5.00403e+2, 0.00000e+0, 3.91685e+1, 0.00000e+0, 4.10376e+1, 0.00000e+0, 4.05603e+0, 0.00000e+0, 3.03133e+0, 0.00000e+0, 0.00000e+0, -2.93938e-1, 0.00000e+0, -4.91161e+0, 0.00000e+0, 9.81740e-2, 0.00000e+0, 3.88198e+0, 0.00000e+0, 1.67848e+1, 0.00000e+0, 2.00000e+1, 1.70000e+1, 3, 2, 
2023/07/24 18:08:39.470, 5.49514e+2, 0.00000e+0, 6.01165e+2, 0.00000e+0, 2.96327e+4, 0.00000e+0, 5.66295e+2, 0.00000e+0, 6.19523e+2, 0.00000e+0, 5.00386e+2, 0.00000e+0, 3.91546e+1, 0.00000e+0, 4.10327e+1, 0.00000e+0, 4.05476e+0, 0.00000e+0, 3.03133e+0, 0.00000e+0, 0.00000e+0, -2.93948e-1, 0.00000e+0, -4.91163e+0, 0.00000e+0, 9.88435e-2, 0.00000e+0, 3.87451e+0, 0.00000e+0, 1.63398e+1, 0.00000e+0, 2.00000e+1, 1.70000e+1, 3, 3, 
2023/07/24 18:08:49.660, 5.47350e+2, 0.00000e+0, 5.96684e+2, 0.00000e+0, 3.18365e+4, 0.00000e+0, 5.65348e+2, 0.00000e+0, 6.16305e+2, 0.00000e+0, 5.00363e+2, 0.00000e+0, 3.91438e+1, 0.00000e+0, 4.10154e+1, 0.00000e+0, 4.04943e+0, 0.00000e+0, 3.03048e+0, 0.00000e+0, 0.00000e+0, -2.93958e-1, 0.00000e+0, -4.91166e+0, 0.00000e+0, 9.81258e-2, 0.00000e+0, 3.86706e+0, 0.00000e+0, 1.58962e+1, 0.00000e+0, 2.00000e+1, 1.70000e+1, 3, 4, 
2023/07/24 18:08:59.774, 5.47140e+2, 0.00000e+0, 5.97886e+2, 0.00000e+0, 3.14609e+4, 0.00000e+0, 5.64913e+2, 0.00000e+0, 6.17307e+2, 0.00000e+0, 5.00325e+2, 0.00000e+0, 3.91307e+1, 0.00000e+0, 4.09981e+1, 0.00000e+0, 4.05086e+0, 0.00000e+0, 3.03051e+0, 0.00000e+0, 0.00000e+0, -2.93969e-1, 0.00000e+0, -4.91168e+0, 0.00000e+0, 9.88435e-2, 0.00000e+0, 3.85949e+0, 0.00000e+0, 1.54460e+1, 0.00000e+0, 2.00000e+1, 1.70000e+1, 3, 5, 
2023/07/24 18:09:09.957, 5.47025e+2, 0.00000e+0, 5.99378e+2, 0.00000e+0, 3.10297e+4, 0.00000e+0, 5.64542e+2, 0.00000e+0, 6.18572e+2, 0.00000e+0, 5.00332e+2, 0.00000e+0, 3.91210e+1, 0.00000e+0, 4.09833e+1, 0.00000e+0, 4.05173e+0, 0.00000e+0, 3.03100e+0, 0.00000e+0, 0.00000e+0, -2.93979e-1, 0.00000e+0, -4.91168e+0, 0.00000e+0, 9.82898e-2, 0.00000e+0, 3.85205e+0, 0.00000e+0, 1.50031e+1, 0.00000e+0, 2.00000e+1, 1.70000e+1, 3, 6, 
2023/07/24 18:09:20.078, 5.46750e+2, 0.00000e+0, 6.00301e+2, 0.00000e+0, 3.07858e+4, 0.00000e+0, 5.64117e+2, 0.00000e+0, 6.19369e+2, 0.00000e+0, 5.00377e+2, 0.00000e+0, 3.91094e+1, 0.00000e+0, 4.09739e+1, 0.00000e+0, 4.05116e+0, 0.00000e+0, 3.03112e+0, 0.00000e+0, 0.00000e+0, -2.93991e-1, 0.00000e+0, -4.91168e+0, 0.00000e+0, 9.87362e-2, 0.00000e+0, 3.84406e+0, 0.00000e+0, 1.45273e+1, 0.00000e+0, 2.00000e+1, 1.70000e+1, 3, 7, 
2023/07/24 18:09:30.257, 5.46303e+2, 0.00000e+0, 6.01151e+2, 0.00000e+0, 3.05719e+4, 0.00000e+0, 5.63532e+2, 0.00000e+0, 6.20109e+2, 0.00000e+0, 5.00399e+2, 0.00000e+0, 3.90953e+1, 0.00000e+0, 4.09590e+1, 0.00000e+0, 4.05173e+0, 0.00000e+0, 3.03098e+0, 0.00000e+0, 0.00000e+0, -2.94004e-1, 0.00000e+0, -4.91168e+0, 0.00000e+0, 9.82704e-2, 0.00000e+0, 3.83608e+0, 0.00000e+0, 1.40527e+1, 0.00000e+0, 2.00000e+1, 1.70000e+1, 3, 8, 
2023/07/24 18:09:40.455, 5.45891e+2, 0.00000e+0, 6.01665e+2, 0.00000e+0, 3.04520e+4, 0.00000e+0, 5.63037e+2, 0.00000e+0, 6.20562e+2, 0.00000e+0, 5.00404e+2, 0.00000e+0, 3.90823e+1, 0.00000e+0, 4.09383e+1, 0.00000e+0, 4.05193e+0, 0.00000e+0, 3.03106e+0, 0.00000e+0, 0.00000e+0, -2.94017e-1, 0.00000e+0, -4.91168e+0, 0.00000e+0, 9.80681e-2, 0.00000e+0, 3.82794e+0, 0.00000e+0, 1.35679e+1, 0.00000e+0, 2.00000e+1, 1.70000e+1, 3, 1, 
2023/07/24 18:09:50.556, 5.45740e+2, 0.00000e+0, 6.01960e+2, 0.00000e+0, 3.03876e+4, 0.00000e+0, 5.62844e+2, 0.00000e+0, 6.20826e+2, 0.00000e+0, 5.00371e+2, 0.00000e+0, 3.90705e+1, 0.00000e+0, 4.09330e+1, 0.00000e+0, 4.05045e+0, 0.00000e+0, 3.03087e+0, 0.00000e+0, 0.00000e+0, -2.94029e-1, 0.00000e+0, -4.91168e+0, 0.00000e+0, 9.89903e-2, 0.00000e+0, 3.81999e+0, 0.00000e+0, 1.30949e+1, 0.00000e+0, 2.00000e+1, 1.70000e+1, 3, 2, 
2023/07/24 18:10:00.753, 5.45218e+2, 0.00000e+0, 6.02252e+2, 0.00000e+0, 3.02425e+4, 0.00000e+0, 5.62221e+2, 0.00000e+0, 6.21033e+2, 0.00000e+0, 5.00345e+2, 0.00000e+0, 3.90602e+1, 0.00000e+0, 4.09275e+1, 0.00000e+0, 4.05178e+0, 0.00000e+0, 3.03073e+0, 0.00000e+0, 0.00000e+0, -2.94042e-1, 0.00000e+0, -4.91168e+0, 0.00000e+0, 9.81547e-2, 0.00000e+0, 3.81186e+0, 0.00000e+0, 1.26106e+1, 0.00000e+0, 2.00000e+1, 1.70000e+1, 3, 3, 

