SN:3K430000012749 BD:Apr 19 2021 VC:7d9ffae MD5:34e03199e6006f2831fb02c414d62259
                     Time,      [CH4]_ppm,   [CH4]_ppm_sd,      [CO2]_ppm,   [CO2]_ppm_sd,      [H2O]_ppm,   [H2O]_ppm_sd,     [CH4]d_ppm,  [CH4]d_ppm_sd,     [CO2]d_ppm,  [CO2]d_ppm_sd,      GasP_torr,   GasP_torr_sd,         GasT_C,      GasT_C_sd,         AmbT_C,      AmbT_C_sd,         RD0_us,      RD0_us_sd,         RD1_us,      RD1_us_sd,     RD0_raw_us,         LTC0_v,      LTC0_v_sd,         LTC1_v,      LTC1_v_sd,             HZ,          HZ_sd,         Batt_v,      Batt_v_sd,        BattPer,     BattPer_sd, Temp_Status_mA,Analyzer_Status_mA,       Fit_Flag,      MIU_VALVE,       MIU_DESC
2023/07/24 20:28:12.991, 2.73136e+2, 0.00000e+0, 6.31649e+2, 0.00000e+0, 4.76921e+4, 0.00000e+0, 2.86815e+2, 0.00000e+0, 6.63282e+2, 0.00000e+0, 5.00151e+2, 0.00000e+0, 4.10262e+1, 0.00000e+0, 4.34495e+1, 0.00000e+0, 3.76742e+0, 0.00000e+0, 3.03281e+0, 0.00000e+0, 0.00000e+0, -2.92392e-1, 0.00000e+0, -4.90968e+0, 0.00000e+0, 9.87459e-2, 0.00000e+0, 4.33094e+0, 0.00000e+0, 4.35085e+1, 0.00000e+0, 2.00000e+1, 2.00000e+1, 3, 5, 
2023/07/24 20:28:23.168, 2.69841e+2, 0.00000e+0, 6.27901e+2, 0.00000e+0, 4.76183e+4, 0.00000e+0, 2.83333e+2, 0.00000e+0, 6.59296e+2, 0.00000e+0, 5.00117e+2, 0.00000e+0, 4.10382e+1, 0.00000e+0, 4.34377e+1, 0.00000e+0, 3.76283e+0, 0.00000e+0, 3.03274e+0, 0.00000e+0, 0.00000e+0, -2.92367e-1, 0.00000e+0, -4.90967e+0, 0.00000e+0, 9.83478e-2, 0.00000e+0, 4.32911e+0, 0.00000e+0, 4.33993e+1, 0.00000e+0, 2.00000e+1, 2.00000e+1, 3, 6, 
2023/07/24 20:28:33.294, 2.61919e+2, 0.00000e+0, 6.19203e+2, 0.00000e+0, 4.78829e+4, 0.00000e+0, 2.75091e+2, 0.00000e+0, 6.50343e+2, 0.00000e+0, 5.00138e+2, 0.00000e+0, 4.10406e+1, 0.00000e+0, 4.34507e+1, 0.00000e+0, 3.75270e+0, 0.00000e+0, 3.03268e+0, 0.00000e+0, 0.00000e+0, -2.92345e-1, 0.00000e+0, -4.90966e+0, 0.00000e+0, 9.87069e-2, 0.00000e+0, 4.32700e+0, 0.00000e+0, 4.32738e+1, 0.00000e+0, 2.00000e+1, 2.00000e+1, 3, 7, 
2023/07/24 20:28:43.468, 2.52481e+2, 0.00000e+0, 6.09150e+2, 0.00000e+0, 4.79934e+4, 0.00000e+0, 2.65209e+2, 0.00000e+0, 6.39859e+2, 0.00000e+0, 5.00180e+2, 0.00000e+0, 4.10466e+1, 0.00000e+0, 4.34534e+1, 0.00000e+0, 3.74168e+0, 0.00000e+0, 3.03324e+0, 0.00000e+0, 0.00000e+0, -2.92345e-1, 0.00000e+0, -4.90964e+0, 0.00000e+0, 9.83574e-2, 0.00000e+0, 4.32445e+0, 0.00000e+0, 4.31221e+1, 0.00000e+0, 2.00000e+1, 2.00000e+1, 3, 8, 
2023/07/24 20:28:53.658, 2.46938e+2, 0.00000e+0, 6.03063e+2, 0.00000e+0, 4.82123e+4, 0.00000e+0, 2.59447e+2, 0.00000e+0, 6.33611e+2, 0.00000e+0, 5.00206e+2, 0.00000e+0, 4.10533e+1, 0.00000e+0, 4.34465e+1, 0.00000e+0, 3.73416e+0, 0.00000e+0, 3.03288e+0, 0.00000e+0, 0.00000e+0, -2.92345e-1, 0.00000e+0, -4.90963e+0, 0.00000e+0, 9.81162e-2, 0.00000e+0, 4.32226e+0, 0.00000e+0, 4.29918e+1, 0.00000e+0, 2.00000e+1, 2.00000e+1, 3, 1, 
2023/07/24 20:29:03.768, 2.45567e+2, 0.00000e+0, 6.01210e+2, 0.00000e+0, 4.85063e+4, 0.00000e+0, 2.58086e+2, 0.00000e+0, 6.31859e+2, 0.00000e+0, 5.00221e+2, 0.00000e+0, 4.10643e+1, 0.00000e+0, 4.34616e+1, 0.00000e+0, 3.73229e+0, 0.00000e+0, 3.03308e+0, 0.00000e+0, 0.00000e+0, -2.92345e-1, 0.00000e+0, -4.90962e+0, 0.00000e+0, 9.89511e-2, 0.00000e+0, 4.31952e+0, 0.00000e+0, 4.28283e+1, 0.00000e+0, 2.00000e+1, 2.00000e+1, 3, 2, 
2023/07/24 20:29:13.959, 2.45403e+2, 0.00000e+0, 6.01871e+2, 0.00000e+0, 4.81934e+4, 0.00000e+0, 2.57829e+2, 0.00000e+0, 6.32346e+2, 0.00000e+0, 5.00200e+2, 0.00000e+0, 4.10715e+1, 0.00000e+0, 4.34820e+1, 0.00000e+0, 3.73241e+0, 0.00000e+0, 3.03329e+0, 0.00000e+0, 0.00000e+0, -2.92345e-1, 0.00000e+0, -4.90960e+0, 0.00000e+0, 9.80969e-2, 0.00000e+0, 4.31737e+0, 0.00000e+0, 4.27004e+1, 0.00000e+0, 2.00000e+1, 2.00000e+1, 3, 3, 
2023/07/24 20:29:24.070, 2.45210e+2, 0.00000e+0, 6.01723e+2, 0.00000e+0, 4.81528e+4, 0.00000e+0, 2.57614e+2, 0.00000e+0, 6.32164e+2, 0.00000e+0, 5.00160e+2, 0.00000e+0, 4.10799e+1, 0.00000e+0, 4.34839e+1, 0.00000e+0, 3.73178e+0, 0.00000e+0, 3.03306e+0, 0.00000e+0, 0.00000e+0, -2.92345e-1, 0.00000e+0, -4.90959e+0, 0.00000e+0, 9.89315e-2, 0.00000e+0, 4.31540e+0, 0.00000e+0, 4.25836e+1, 0.00000e+0, 2.00000e+1, 2.00000e+1, 3, 4, 
2023/07/24 20:29:34.260, 2.44932e+2, 0.00000e+0, 6.01435e+2, 0.00000e+0, 4.83502e+4, 0.00000e+0, 2.57376e+2, 0.00000e+0, 6.31992e+2, 0.00000e+0, 5.00123e+2, 0.00000e+0, 4.10830e+1, 0.00000e+0, 4.34874e+1, 0.00000e+0, 3.73149e+0, 0.00000e+0, 3.03307e+0, 0.00000e+0, 0.00000e+0, -2.92345e-1, 0.00000e+0, -4.90958e+0, 0.00000e+0, 9.80873e-2, 0.00000e+0, 4.31341e+0, 0.00000e+0, 4.24647e+1, 0.00000e+0, 2.00000e+1, 2.00000e+1, 3, 5, 
2023/07/24 20:29:44.366, 2.44677e+2, 0.00000e+0, 6.01161e+2, 0.00000e+0, 4.86073e+4, 0.00000e+0, 2.57178e+2, 0.00000e+0, 6.31875e+2, 0.00000e+0, 5.00114e+2, 0.00000e+0, 4.10926e+1, 0.00000e+0, 4.34961e+1, 0.00000e+0, 3.73110e+0, 0.00000e+0, 3.03313e+0, 0.00000e+0, 0.00000e+0, -2.92345e-1, 0.00000e+0, -4.90957e+0, 0.00000e+0, 9.88631e-2, 0.00000e+0, 4.31170e+0, 0.00000e+0, 4.23631e+1, 0.00000e+0, 2.00000e+1, 2.00000e+1, 3, 6, 
2023/07/24 20:29:54.568, 2.44512e+2, 0.00000e+0, 6.01342e+2, 0.00000e+0, 4.85534e+4, 0.00000e+0, 2.56989e+2, 0.00000e+0, 6.32029e+2, 0.00000e+0, 5.00130e+2, 0.00000e+0, 4.11005e+1, 0.00000e+0, 4.34914e+1, 0.00000e+0, 3.73004e+0, 0.00000e+0, 3.03322e+0, 0.00000e+0, 0.00000e+0, -2.92345e-1, 0.00000e+0, -4.90956e+0, 0.00000e+0, 9.81162e-2, 0.00000e+0, 4.30970e+0, 0.00000e+0, 4.22442e+1, 0.00000e+0, 2.00000e+1, 2.00000e+1, 3, 7, 
2023/07/24 20:30:04.670, 2.44164e+2, 0.00000e+0, 6.01022e+2, 0.00000e+0, 4.88886e+4, 0.00000e+0, 2.56714e+2, 0.00000e+0, 6.31915e+2, 0.00000e+0, 5.00188e+2, 0.00000e+0, 4.11045e+1, 0.00000e+0, 4.34884e+1, 0.00000e+0, 3.72984e+0, 0.00000e+0, 3.03300e+0, 0.00000e+0, 0.00000e+0, -2.92345e-1, 0.00000e+0, -4.90955e+0, 0.00000e+0, 9.90491e-2, 0.00000e+0, 4.30797e+0, 0.00000e+0, 4.21412e+1, 0.00000e+0, 2.00000e+1, 2.00000e+1, 3, 8, 
2023/07/24 20:30:14.865, 2.43782e+2, 0.00000e+0, 6.00252e+2, 0.00000e+0, 4.94528e+4, 0.00000e+0, 2.56465e+2, 0.00000e+0, 6.31480e+2, 0.00000e+0, 5.00190e+2, 0.00000e+0, 4.11083e+1, 0.00000e+0, 4.34905e+1, 0.00000e+0, 3.72912e+0, 0.00000e+0, 3.03302e+0, 0.00000e+0, 0.00000e+0, -2.92345e-1, 0.00000e+0, -4.90954e+0, 0.00000e+0, 9.80488e-2, 0.00000e+0, 4.30545e+0, 0.00000e+0, 4.19911e+1, 0.00000e+0, 2.00000e+1, 2.00000e+1, 3, 1, 
2023/07/24 20:30:24.974, 2.43513e+2, 0.00000e+0, 6.00247e+2, 0.00000e+0, 4.97432e+4, 0.00000e+0, 2.56261e+2, 0.00000e+0, 6.31668e+2, 0.00000e+0, 5.00178e+2, 0.00000e+0, 4.11141e+1, 0.00000e+0, 4.34728e+1, 0.00000e+0, 3.72872e+0, 0.00000e+0, 3.03292e+0, 0.00000e+0, 0.00000e+0, -2.92345e-1, 0.00000e+0, -4.90953e+0, 0.00000e+0, 9.88924e-2, 0.00000e+0, 4.30360e+0, 0.00000e+0, 4.18812e+1, 0.00000e+0, 2.00000e+1, 2.00000e+1, 3, 2, 
2023/07/24 20:30:35.165, 2.43262e+2, 0.00000e+0, 6.00320e+2, 0.00000e+0, 4.97008e+4, 0.00000e+0, 2.55984e+2, 0.00000e+0, 6.31717e+2, 0.00000e+0, 5.00166e+2, 0.00000e+0, 4.11247e+1, 0.00000e+0, 4.34655e+1, 0.00000e+0, 3.72823e+0, 0.00000e+0, 3.03290e+0, 0.00000e+0, 0.00000e+0, -2.92345e-1, 0.00000e+0, -4.90953e+0, 0.00000e+0, 9.82125e-2, 0.00000e+0, 4.30116e+0, 0.00000e+0, 4.17355e+1, 0.00000e+0, 2.00000e+1, 2.00000e+1, 3, 3, 
2023/07/24 20:30:45.279, 2.43160e+2, 0.00000e+0, 6.00877e+2, 0.00000e+0, 4.96426e+4, 0.00000e+0, 2.55862e+2, 0.00000e+0, 6.32264e+2, 0.00000e+0, 5.00113e+2, 0.00000e+0, 4.11335e+1, 0.00000e+0, 4.34675e+1, 0.00000e+0, 3.72800e+0, 0.00000e+0, 3.03297e+0, 0.00000e+0, 0.00000e+0, -2.92345e-1, 0.00000e+0, -4.90953e+0, 0.00000e+0, 9.88435e-2, 0.00000e+0, 4.29882e+0, 0.00000e+0, 4.15966e+1, 0.00000e+0, 2.00000e+1, 2.00000e+1, 3, 4, 
2023/07/24 20:30:55.464, 2.42539e+2, 0.00000e+0, 6.00889e+2, 0.00000e+0, 4.95649e+4, 0.00000e+0, 2.55187e+2, 0.00000e+0, 6.32225e+2, 0.00000e+0, 5.00098e+2, 0.00000e+0, 4.11409e+1, 0.00000e+0, 4.34693e+1, 0.00000e+0, 3.72772e+0, 0.00000e+0, 3.03272e+0, 0.00000e+0, 0.00000e+0, -2.92345e-1, 0.00000e+0, -4.90953e+0, 0.00000e+0, 9.82318e-2, 0.00000e+0, 4.29627e+0, 0.00000e+0, 4.14445e+1, 0.00000e+0, 2.00000e+1, 2.00000e+1, 3, 5, 
2023/07/24 20:31:05.583, 2.42138e+2, 0.00000e+0, 6.01035e+2, 0.00000e+0, 4.95854e+4, 0.00000e+0, 2.54771e+2, 0.00000e+0, 6.32392e+2, 0.00000e+0, 5.00122e+2, 0.00000e+0, 4.11418e+1, 0.00000e+0, 4.34614e+1, 0.00000e+0, 3.72660e+0, 0.00000e+0, 3.03286e+0, 0.00000e+0, 0.00000e+0, -2.92345e-1, 0.00000e+0, -4.90953e+0, 0.00000e+0, 9.87947e-2, 0.00000e+0, 4.29415e+0, 0.00000e+0, 4.13186e+1, 0.00000e+0, 2.00000e+1, 2.00000e+1, 3, 6, 
2023/07/24 20:31:15.768, 2.41760e+2, 0.00000e+0, 6.00987e+2, 0.00000e+0, 4.96771e+4, 0.00000e+0, 2.54397e+2, 0.00000e+0, 6.32403e+2, 0.00000e+0, 5.00154e+2, 0.00000e+0, 4.11502e+1, 0.00000e+0, 4.34787e+1, 0.00000e+0, 3.72606e+0, 0.00000e+0, 3.03262e+0, 0.00000e+0, 0.00000e+0, -2.92345e-1, 0.00000e+0, -4.90953e+0, 0.00000e+0, 9.81740e-2, 0.00000e+0, 4.29177e+0, 0.00000e+0, 4.11769e+1, 0.00000e+0, 2.00000e+1, 2.00000e+1, 3, 7, 
2023/07/24 20:31:25.887, 2.41439e+2, 0.00000e+0, 6.00881e+2, 0.00000e+0, 4.98623e+4, 0.00000e+0, 2.54109e+2, 0.00000e+0, 6.32415e+2, 0.00000e+0, 5.00167e+2, 0.00000e+0, 4.11581e+1, 0.00000e+0, 4.34867e+1, 0.00000e+0, 3.72601e+0, 0.00000e+0, 3.03270e+0, 0.00000e+0, 0.00000e+0, -2.92345e-1, 0.00000e+0, -4.90953e+0, 0.00000e+0, 9.87849e-2, 0.00000e+0, 4.28939e+0, 0.00000e+0, 4.10354e+1, 0.00000e+0, 2.00000e+1, 2.00000e+1, 3, 8, 
2023/07/24 20:31:36.069, 2.41218e+2, 0.00000e+0, 6.00897e+2, 0.00000e+0, 4.99606e+4, 0.00000e+0, 2.53904e+2, 0.00000e+0, 6.32496e+2, 0.00000e+0, 5.00151e+2, 0.00000e+0, 4.11624e+1, 0.00000e+0, 4.34707e+1, 0.00000e+0, 3.72556e+0, 0.00000e+0, 3.03267e+0, 0.00000e+0, 0.00000e+0, -2.92345e-1, 0.00000e+0, -4.90953e+0, 0.00000e+0, 9.82994e-2, 0.00000e+0, 4.28718e+0, 0.00000e+0, 4.09034e+1, 0.00000e+0, 2.00000e+1, 2.00000e+1, 3, 1, 
2023/07/24 20:31:46.192, 2.41059e+2, 0.00000e+0, 6.01787e+2, 0.00000e+0, 4.97270e+4, 0.00000e+0, 2.53674e+2, 0.00000e+0, 6.33278e+2, 0.00000e+0, 5.00149e+2, 0.00000e+0, 4.11663e+1, 0.00000e+0, 4.34794e+1, 0.00000e+0, 3.72553e+0, 0.00000e+0, 3.03260e+0, 0.00000e+0, 0.00000e+0, -2.92345e-1, 0.00000e+0, -4.90953e+0, 0.00000e+0, 9.87557e-2, 0.00000e+0, 4.28490e+0, 0.00000e+0, 4.07677e+1, 0.00000e+0, 2.00000e+1, 2.00000e+1, 3, 2, 
2023/07/24 20:31:56.365, 2.40834e+2, 0.00000e+0, 6.01803e+2, 0.00000e+0, 4.97582e+4, 0.00000e+0, 2.53445e+2, 0.00000e+0, 6.33315e+2, 0.00000e+0, 5.00137e+2, 0.00000e+0, 4.11723e+1, 0.00000e+0, 4.34963e+1, 0.00000e+0, 3.72533e+0, 0.00000e+0, 3.03262e+0, 0.00000e+0, 0.00000e+0, -2.92345e-1, 0.00000e+0, -4.90953e+0, 0.00000e+0, 9.82898e-2, 0.00000e+0, 4.28253e+0, 0.00000e+0, 4.06269e+1, 0.00000e+0, 2.00000e+1, 2.00000e+1, 3, 3, 
2023/07/24 20:32:06.497, 2.40429e+2, 0.00000e+0, 6.00955e+2, 0.00000e+0, 5.02292e+4, 0.00000e+0, 2.53144e+2, 0.00000e+0, 6.32737e+2, 0.00000e+0, 5.00111e+2, 0.00000e+0, 4.11783e+1, 0.00000e+0, 4.35066e+1, 0.00000e+0, 3.72434e+0, 0.00000e+0, 3.03253e+0, 0.00000e+0, 0.00000e+0, -2.92345e-1, 0.00000e+0, -4.90953e+0, 0.00000e+0, 9.87167e-2, 0.00000e+0, 4.28000e+0, 0.00000e+0, 4.04764e+1, 0.00000e+0, 2.00000e+1, 2.00000e+1, 3, 4, 
2023/07/24 20:32:16.664, 2.39178e+2, 0.00000e+0, 5.99916e+2, 0.00000e+0, 5.03297e+4, 0.00000e+0, 2.51854e+2, 0.00000e+0, 6.31710e+2, 0.00000e+0, 5.00129e+2, 0.00000e+0, 4.11831e+1, 0.00000e+0, 4.34923e+1, 0.00000e+0, 3.72234e+0, 0.00000e+0, 3.03257e+0, 0.00000e+0, 0.00000e+0, -2.92345e-1, 0.00000e+0, -4.90953e+0, 0.00000e+0, 9.83478e-2, 0.00000e+0, 4.27753e+0, 0.00000e+0, 4.03290e+1, 0.00000e+0, 2.00000e+1, 2.00000e+1, 3, 5, 
2023/07/24 20:32:26.876, 2.38974e+2, 0.00000e+0, 6.00454e+2, 0.00000e+0, 5.01480e+4, 0.00000e+0, 2.51591e+2, 0.00000e+0, 6.32155e+2, 0.00000e+0, 5.00161e+2, 0.00000e+0, 4.11863e+1, 0.00000e+0, 4.34959e+1, 0.00000e+0, 3.72243e+0, 0.00000e+0, 3.03252e+0, 0.00000e+0, 0.00000e+0, -2.92345e-1, 0.00000e+0, -4.90953e+0, 0.00000e+0, 9.79144e-2, 0.00000e+0, 4.27511e+0, 0.00000e+0, 4.01849e+1, 0.00000e+0, 2.00000e+1, 2.00000e+1, 3, 6, 
2023/07/24 20:32:36.967, 2.38709e+2, 0.00000e+0, 6.00721e+2, 0.00000e+0, 5.01531e+4, 0.00000e+0, 2.51313e+2, 0.00000e+0, 6.32440e+2, 0.00000e+0, 5.00172e+2, 0.00000e+0, 4.11924e+1, 0.00000e+0, 4.34948e+1, 0.00000e+0, 3.72211e+0, 0.00000e+0, 3.03246e+0, 0.00000e+0, 0.00000e+0, -2.92345e-1, 0.00000e+0, -4.90953e+0, 0.00000e+0, 9.91670e-2, 0.00000e+0, 4.27254e+0, 0.00000e+0, 4.00323e+1, 0.00000e+0, 2.00000e+1, 2.00000e+1, 3, 7, 
2023/07/24 20:32:47.164, 2.38548e+2, 0.00000e+0, 6.00918e+2, 0.00000e+0, 4.99869e+4, 0.00000e+0, 2.51100e+2, 0.00000e+0, 6.32537e+2, 0.00000e+0, 5.00167e+2, 0.00000e+0, 4.12009e+1, 0.00000e+0, 4.35072e+1, 0.00000e+0, 3.72190e+0, 0.00000e+0, 3.03248e+0, 0.00000e+0, 0.00000e+0, -2.92345e-1, 0.00000e+0, -4.90953e+0, 0.00000e+0, 9.80104e-2, 0.00000e+0, 4.27015e+0, 0.00000e+0, 3.98902e+1, 0.00000e+0, 2.00000e+1, 2.00000e+1, 3, 8, 
2023/07/24 20:32:57.267, 2.38281e+2, 0.00000e+0, 6.00949e+2, 0.00000e+0, 5.01274e+4, 0.00000e+0, 2.50855e+2, 0.00000e+0, 6.32662e+2, 0.00000e+0, 5.00142e+2, 0.00000e+0, 4.12066e+1, 0.00000e+0, 4.35094e+1, 0.00000e+0, 3.72142e+0, 0.00000e+0, 3.03257e+0, 0.00000e+0, 0.00000e+0, -2.92345e-1, 0.00000e+0, -4.90953e+0, 0.00000e+0, 9.89903e-2, 0.00000e+0, 4.26760e+0, 0.00000e+0, 3.97379e+1, 0.00000e+0, 2.00000e+1, 2.00000e+1, 3, 1, 
2023/07/24 20:33:07.464, 2.38098e+2, 0.00000e+0, 6.00799e+2, 0.00000e+0, 5.02653e+4, 0.00000e+0, 2.50699e+2, 0.00000e+0, 6.32597e+2, 0.00000e+0, 5.00101e+2, 0.00000e+0, 4.12119e+1, 0.00000e+0, 4.35248e+1, 0.00000e+0, 3.72121e+0, 0.00000e+0, 3.03249e+0, 0.00000e+0, 0.00000e+0, -2.92345e-1, 0.00000e+0, -4.90953e+0, 0.00000e+0, 9.81258e-2, 0.00000e+0, 4.26505e+0, 0.00000e+0, 3.95865e+1, 0.00000e+0, 2.00000e+1, 2.00000e+1, 3, 2, 
2023/07/24 20:33:17.567, 2.37873e+2, 0.00000e+0, 6.01228e+2, 0.00000e+0, 5.01555e+4, 0.00000e+0, 2.50434e+2, 0.00000e+0, 6.32975e+2, 0.00000e+0, 5.00095e+2, 0.00000e+0, 4.12157e+1, 0.00000e+0, 4.35350e+1, 0.00000e+0, 3.72121e+0, 0.00000e+0, 3.03220e+0, 0.00000e+0, 0.00000e+0, -2.92345e-1, 0.00000e+0, -4.90953e+0, 0.00000e+0, 9.89315e-2, 0.00000e+0, 4.26203e+0, 0.00000e+0, 3.94066e+1, 0.00000e+0, 2.00000e+1, 2.00000e+1, 3, 3, 
2023/07/24 20:33:27.760, 2.37684e+2, 0.00000e+0, 6.01359e+2, 0.00000e+0, 5.00373e+4, 0.00000e+0, 2.50204e+2, 0.00000e+0, 6.33034e+2, 0.00000e+0, 5.00102e+2, 0.00000e+0, 4.12169e+1, 0.00000e+0, 4.35316e+1, 0.00000e+0, 3.72109e+0, 0.00000e+0, 3.03249e+0, 0.00000e+0, 0.00000e+0, -2.92345e-1, 0.00000e+0, -4.90953e+0, 0.00000e+0, 9.81740e-2, 0.00000e+0, 4.25901e+0, 0.00000e+0, 3.92266e+1, 0.00000e+0, 2.00000e+1, 2.00000e+1, 3, 4, 
2023/07/24 20:33:37.871, 2.37483e+2, 0.00000e+0, 6.01672e+2, 0.00000e+0, 5.00190e+4, 0.00000e+0, 2.49987e+2, 0.00000e+0, 6.33351e+2, 0.00000e+0, 5.00143e+2, 0.00000e+0, 4.12222e+1, 0.00000e+0, 4.34979e+1, 0.00000e+0, 3.72074e+0, 0.00000e+0, 3.03244e+0, 0.00000e+0, 0.00000e+0, -2.92345e-1, 0.00000e+0, -4.90953e+0, 0.00000e+0, 9.88924e-2, 0.00000e+0, 4.25614e+0, 0.00000e+0, 3.90557e+1, 0.00000e+0, 2.00000e+1, 2.00000e+1, 3, 5, 
2023/07/24 20:33:48.065, 2.37183e+2, 0.00000e+0, 6.01384e+2, 0.00000e+0, 5.01666e+4, 0.00000e+0, 2.49710e+2, 0.00000e+0, 6.33147e+2, 0.00000e+0, 5.00197e+2, 0.00000e+0, 4.12291e+1, 0.00000e+0, 4.34658e+1, 0.00000e+0, 3.72036e+0, 0.00000e+0, 3.03232e+0, 0.00000e+0, 0.00000e+0, -2.92345e-1, 0.00000e+0, -4.90953e+0, 0.00000e+0, 9.81162e-2, 0.00000e+0, 4.25294e+0, 0.00000e+0, 3.88655e+1, 0.00000e+0, 2.00000e+1, 2.00000e+1, 3, 6, 
2023/07/24 20:33:58.175, 2.37053e+2, 0.00000e+0, 6.01835e+2, 0.00000e+0, 4.98534e+4, 0.00000e+0, 2.49491e+2, 0.00000e+0, 6.33413e+2, 0.00000e+0, 5.00173e+2, 0.00000e+0, 4.12372e+1, 0.00000e+0, 4.34246e+1, 0.00000e+0, 3.71934e+0, 0.00000e+0, 3.03221e+0, 0.00000e+0, 0.00000e+0, -2.92336e-1, 0.00000e+0, -4.90953e+0, 0.00000e+0, 9.88533e-2, 0.00000e+0, 4.24954e+0, 0.00000e+0, 3.86630e+1, 0.00000e+0, 2.00000e+1, 2.00000e+1, 3, 7, 
2023/07/24 20:34:08.370, 2.36779e+2, 0.00000e+0, 6.01297e+2, 0.00000e+0, 5.02049e+4, 0.00000e+0, 2.49295e+2, 0.00000e+0, 6.33081e+2, 0.00000e+0, 5.00132e+2, 0.00000e+0, 4.12401e+1, 0.00000e+0, 4.34334e+1, 0.00000e+0, 3.71844e+0, 0.00000e+0, 3.03193e+0, 0.00000e+0, 0.00000e+0, -2.92336e-1, 0.00000e+0, -4.90953e+0, 0.00000e+0, 9.81451e-2, 0.00000e+0, 4.24649e+0, 0.00000e+0, 3.84815e+1, 0.00000e+0, 2.00000e+1, 2.00000e+1, 3, 8, 
2023/07/24 20:34:18.479, 2.35943e+2, 0.00000e+0, 5.97366e+2, 0.00000e+0, 5.25265e+4, 0.00000e+0, 2.49023e+2, 0.00000e+0, 6.30483e+2, 0.00000e+0, 5.00084e+2, 0.00000e+0, 4.12476e+1, 0.00000e+0, 4.34101e+1, 0.00000e+0, 3.71584e+0, 0.00000e+0, 3.03167e+0, 0.00000e+0, 0.00000e+0, -2.92336e-1, 0.00000e+0, -4.90953e+0, 0.00000e+0, 9.88924e-2, 0.00000e+0, 4.24395e+0, 0.00000e+0, 3.83305e+1, 0.00000e+0, 2.00000e+1, 2.00000e+1, 3, 1, 
2023/07/24 20:34:28.667, 2.34951e+2, 0.00000e+0, 5.93484e+2, 0.00000e+0, 5.48540e+4, 0.00000e+0, 2.48587e+2, 0.00000e+0, 6.27929e+2, 0.00000e+0, 5.00039e+2, 0.00000e+0, 4.12456e+1, 0.00000e+0, 4.33704e+1, 0.00000e+0, 3.71343e+0, 0.00000e+0, 3.03158e+0, 0.00000e+0, 0.00000e+0, -2.92336e-1, 0.00000e+0, -4.90953e+0, 0.00000e+0, 9.81836e-2, 0.00000e+0, 4.24159e+0, 0.00000e+0, 3.81896e+1, 0.00000e+0, 2.00000e+1, 2.00000e+1, 3, 2, 
2023/07/24 20:34:38.783, 2.34118e+2, 0.00000e+0, 5.90039e+2, 0.00000e+0, 5.71409e+4, 0.00000e+0, 2.48307e+2, 0.00000e+0, 6.25798e+2, 0.00000e+0, 5.00110e+2, 0.00000e+0, 4.12539e+1, 0.00000e+0, 4.33533e+1, 0.00000e+0, 3.71074e+0, 0.00000e+0, 3.03111e+0, 0.00000e+0, 0.00000e+0, -2.92336e-1, 0.00000e+0, -4.90954e+0, 0.00000e+0, 9.88142e-2, 0.00000e+0, 4.23826e+0, 0.00000e+0, 3.79915e+1, 0.00000e+0, 2.00000e+1, 2.00000e+1, 3, 3, 
2023/07/24 20:34:48.970, 2.33954e+2, 0.00000e+0, 5.91551e+2, 0.00000e+0, 5.72669e+4, 0.00000e+0, 2.48166e+2, 0.00000e+0, 6.27485e+2, 0.00000e+0, 5.00113e+2, 0.00000e+0, 4.12543e+1, 0.00000e+0, 4.33357e+1, 0.00000e+0, 3.71100e+0, 0.00000e+0, 3.03082e+0, 0.00000e+0, 0.00000e+0, -2.92336e-1, 0.00000e+0, -4.90955e+0, 0.00000e+0, 9.82029e-2, 0.00000e+0, 4.23370e+0, 0.00000e+0, 3.77201e+1, 0.00000e+0, 2.00000e+1, 2.00000e+1, 3, 4, 
2023/07/24 20:34:59.087, 2.33576e+2, 0.00000e+0, 5.91420e+2, 0.00000e+0, 5.79218e+4, 0.00000e+0, 2.47937e+2, 0.00000e+0, 6.27782e+2, 0.00000e+0, 5.00159e+2, 0.00000e+0, 4.12523e+1, 0.00000e+0, 4.33504e+1, 0.00000e+0, 3.70955e+0, 0.00000e+0, 3.03129e+0, 0.00000e+0, 0.00000e+0, -2.92314e-1, 0.00000e+0, -4.90955e+0, 0.00000e+0, 9.87654e-2, 0.00000e+0, 4.23076e+0, 0.00000e+0, 3.75455e+1, 0.00000e+0, 2.00000e+1, 2.00000e+1, 3, 5, 
2023/07/24 20:35:09.266, 2.33591e+2, 0.00000e+0, 5.94185e+2, 0.00000e+0, 5.72549e+4, 0.00000e+0, 2.47777e+2, 0.00000e+0, 6.30272e+2, 0.00000e+0, 5.00139e+2, 0.00000e+0, 4.12533e+1, 0.00000e+0, 4.33765e+1, 0.00000e+0, 3.71000e+0, 0.00000e+0, 3.03129e+0, 0.00000e+0, 0.00000e+0, -2.92293e-1, 0.00000e+0, -4.90955e+0, 0.00000e+0, 9.82898e-2, 0.00000e+0, 4.22741e+0, 0.00000e+0, 3.73457e+1, 0.00000e+0, 2.00000e+1, 2.00000e+1, 3, 6, 
2023/07/24 20:35:19.398, 2.33382e+2, 0.00000e+0, 5.95126e+2, 0.00000e+0, 5.73259e+4, 0.00000e+0, 2.47575e+2, 0.00000e+0, 6.31316e+2, 0.00000e+0, 5.00110e+2, 0.00000e+0, 4.12569e+1, 0.00000e+0, 4.33812e+1, 0.00000e+0, 3.71010e+0, 0.00000e+0, 3.03106e+0, 0.00000e+0, 0.00000e+0, -2.92270e-1, 0.00000e+0, -4.90955e+0, 0.00000e+0, 9.87069e-2, 0.00000e+0, 4.22392e+0, 0.00000e+0, 3.71383e+1, 0.00000e+0, 2.00000e+1, 2.00000e+1, 3, 7, 
2023/07/24 20:35:29.568, 2.33276e+2, 0.00000e+0, 5.96339e+2, 0.00000e+0, 5.71760e+4, 0.00000e+0, 2.47422e+2, 0.00000e+0, 6.32502e+2, 0.00000e+0, 5.00103e+2, 0.00000e+0, 4.12618e+1, 0.00000e+0, 4.34018e+1, 0.00000e+0, 3.71019e+0, 0.00000e+0, 3.03141e+0, 0.00000e+0, 0.00000e+0, -2.92250e-1, 0.00000e+0, -4.90955e+0, 0.00000e+0, 9.82415e-2, 0.00000e+0, 4.21992e+0, 0.00000e+0, 3.69001e+1, 0.00000e+0, 2.00000e+1, 2.00000e+1, 3, 8, 
2023/07/24 20:35:39.760, 2.33147e+2, 0.00000e+0, 5.97751e+2, 0.00000e+0, 5.70849e+4, 0.00000e+0, 2.47262e+2, 0.00000e+0, 6.33939e+2, 0.00000e+0, 5.00076e+2, 0.00000e+0, 4.12675e+1, 0.00000e+0, 4.34227e+1, 0.00000e+0, 3.70997e+0, 0.00000e+0, 3.03136e+0, 0.00000e+0, 0.00000e+0, -2.92229e-1, 0.00000e+0, -4.90955e+0, 0.00000e+0, 9.82125e-2, 0.00000e+0, 4.21644e+0, 0.00000e+0, 3.66926e+1, 0.00000e+0, 2.00000e+1, 2.00000e+1, 3, 1, 
2023/07/24 20:35:49.865, 2.32902e+2, 0.00000e+0, 5.98582e+2, 0.00000e+0, 5.72010e+4, 0.00000e+0, 2.47033e+2, 0.00000e+0, 6.34899e+2, 0.00000e+0, 5.00067e+2, 0.00000e+0, 4.12719e+1, 0.00000e+0, 4.33909e+1, 0.00000e+0, 3.71005e+0, 0.00000e+0, 3.03120e+0, 0.00000e+0, 0.00000e+0, -2.92210e-1, 0.00000e+0, -4.90955e+0, 0.00000e+0, 9.90099e-2, 0.00000e+0, 4.21255e+0, 0.00000e+0, 3.64610e+1, 0.00000e+0, 2.00000e+1, 2.00000e+1, 3, 2, 
2023/07/24 20:36:00.067, 2.32729e+2, 0.00000e+0, 5.99507e+2, 0.00000e+0, 5.71715e+4, 0.00000e+0, 2.46841e+2, 0.00000e+0, 6.35860e+2, 0.00000e+0, 5.00116e+2, 0.00000e+0, 4.12766e+1, 0.00000e+0, 4.34057e+1, 0.00000e+0, 3.70974e+0, 0.00000e+0, 3.03159e+0, 0.00000e+0, 0.00000e+0, -2.92188e-1, 0.00000e+0, -4.90955e+0, 0.00000e+0, 9.80104e-2, 0.00000e+0, 4.20877e+0, 0.00000e+0, 3.62366e+1, 0.00000e+0, 2.00000e+1, 2.00000e+1, 3, 3, 
2023/07/24 20:36:10.166, 2.32468e+2, 0.00000e+0, 6.00282e+2, 0.00000e+0, 5.72065e+4, 0.00000e+0, 2.46574e+2, 0.00000e+0, 6.36705e+2, 0.00000e+0, 5.00136e+2, 0.00000e+0, 4.12802e+1, 0.00000e+0, 4.34017e+1, 0.00000e+0, 3.70951e+0, 0.00000e+0, 3.03148e+0, 0.00000e+0, 0.00000e+0, -2.92168e-1, 0.00000e+0, -4.90955e+0, 0.00000e+0, 9.89805e-2, 0.00000e+0, 4.20486e+0, 0.00000e+0, 3.60035e+1, 0.00000e+0, 2.00000e+1, 2.00000e+1, 3, 4, 
2023/07/24 20:36:20.362, 2.32262e+2, 0.00000e+0, 6.00416e+2, 0.00000e+0, 5.73472e+4, 0.00000e+0, 2.46391e+2, 0.00000e+0, 6.36943e+2, 0.00000e+0, 5.00143e+2, 0.00000e+0, 4.12830e+1, 0.00000e+0, 4.34006e+1, 0.00000e+0, 3.70879e+0, 0.00000e+0, 3.03157e+0, 0.00000e+0, 0.00000e+0, -2.92146e-1, 0.00000e+0, -4.90955e+0, 0.00000e+0, 9.80969e-2, 0.00000e+0, 4.20089e+0, 0.00000e+0, 3.57673e+1, 0.00000e+0, 2.00000e+1, 2.00000e+1, 3, 5, 
2023/07/24 20:36:30.469, 2.32048e+2, 0.00000e+0, 6.00736e+2, 0.00000e+0, 5.73277e+4, 0.00000e+0, 2.46160e+2, 0.00000e+0, 6.37269e+2, 0.00000e+0, 5.00134e+2, 0.00000e+0, 4.12878e+1, 0.00000e+0, 4.34370e+1, 0.00000e+0, 3.70888e+0, 0.00000e+0, 3.03154e+0, 0.00000e+0, 0.00000e+0, -2.92124e-1, 0.00000e+0, -4.90955e+0, 0.00000e+0, 9.89315e-2, 0.00000e+0, 4.19698e+0, 0.00000e+0, 3.55348e+1, 0.00000e+0, 2.00000e+1, 2.00000e+1, 3, 6, 
2023/07/24 20:36:40.664, 2.31884e+2, 0.00000e+0, 6.01142e+2, 0.00000e+0, 5.72143e+4, 0.00000e+0, 2.45956e+2, 0.00000e+0, 6.37624e+2, 0.00000e+0, 5.00121e+2, 0.00000e+0, 4.12890e+1, 0.00000e+0, 4.34476e+1, 0.00000e+0, 3.70852e+0, 0.00000e+0, 3.03154e+0, 0.00000e+0, 0.00000e+0, -2.92104e-1, 0.00000e+0, -4.90955e+0, 0.00000e+0, 9.81258e-2, 0.00000e+0, 4.19294e+0, 0.00000e+0, 3.52942e+1, 0.00000e+0, 2.00000e+1, 2.00000e+1, 3, 7, 
2023/07/24 20:36:50.774, 2.31720e+2, 0.00000e+0, 6.01500e+2, 0.00000e+0, 5.69789e+4, 0.00000e+0, 2.45720e+2, 0.00000e+0, 6.37844e+2, 0.00000e+0, 5.00108e+2, 0.00000e+0, 4.12910e+1, 0.00000e+0, 4.34632e+1, 0.00000e+0, 3.70841e+0, 0.00000e+0, 3.03167e+0, 0.00000e+0, 0.00000e+0, -2.92084e-1, 0.00000e+0, -4.90955e+0, 0.00000e+0, 9.88826e-2, 0.00000e+0, 4.18929e+0, 0.00000e+0, 3.50766e+1, 0.00000e+0, 2.00000e+1, 2.00000e+1, 3, 8, 
2023/07/24 20:37:00.966, 2.31570e+2, 0.00000e+0, 6.02077e+2, 0.00000e+0, 5.67604e+4, 0.00000e+0, 2.45505e+2, 0.00000e+0, 6.38307e+2, 0.00000e+0, 5.00102e+2, 0.00000e+0, 4.12958e+1, 0.00000e+0, 4.34734e+1, 0.00000e+0, 3.70821e+0, 0.00000e+0, 3.03158e+0, 0.00000e+0, 0.00000e+0, -2.92067e-1, 0.00000e+0, -4.90955e+0, 0.00000e+0, 9.81451e-2, 0.00000e+0, 4.18554e+0, 0.00000e+0, 3.48535e+1, 0.00000e+0, 2.00000e+1, 2.00000e+1, 3, 1, 
2023/07/24 20:37:11.078, 2.31380e+2, 0.00000e+0, 6.02773e+2, 0.00000e+0, 5.63922e+4, 0.00000e+0, 2.45208e+2, 0.00000e+0, 6.38797e+2, 0.00000e+0, 5.00143e+2, 0.00000e+0, 4.12987e+1, 0.00000e+0, 4.34604e+1, 0.00000e+0, 3.70854e+0, 0.00000e+0, 3.03162e+0, 0.00000e+0, 0.00000e+0, -2.92049e-1, 0.00000e+0, -4.90955e+0, 0.00000e+0, 9.88631e-2, 0.00000e+0, 4.18128e+0, 0.00000e+0, 3.46000e+1, 0.00000e+0, 2.00000e+1, 2.00000e+1, 3, 2, 
2023/07/24 20:37:21.268, 2.31236e+2, 0.00000e+0, 6.03881e+2, 0.00000e+0, 5.57299e+4, 0.00000e+0, 2.44883e+2, 0.00000e+0, 6.39521e+2, 0.00000e+0, 5.00158e+2, 0.00000e+0, 4.13023e+1, 0.00000e+0, 4.34562e+1, 0.00000e+0, 3.70959e+0, 0.00000e+0, 3.03162e+0, 0.00000e+0, 0.00000e+0, -2.92049e-1, 0.00000e+0, -4.90955e+0, 0.00000e+0, 9.81547e-2, 0.00000e+0, 4.17738e+0, 0.00000e+0, 3.43676e+1, 0.00000e+0, 2.00000e+1, 2.00000e+1, 3, 3, 
2023/07/24 20:37:31.384, 2.31151e+2, 0.00000e+0, 6.04937e+2, 0.00000e+0, 5.50232e+4, 0.00000e+0, 2.44610e+2, 0.00000e+0, 6.40161e+2, 0.00000e+0, 5.00168e+2, 0.00000e+0, 4.13054e+1, 0.00000e+0, 4.34496e+1, 0.00000e+0, 3.70961e+0, 0.00000e+0, 3.03188e+0, 0.00000e+0, 0.00000e+0, -2.92049e-1, 0.00000e+0, -4.90955e+0, 0.00000e+0, 9.88533e-2, 0.00000e+0, 4.17331e+0, 0.00000e+0, 3.41257e+1, 0.00000e+0, 2.00000e+1, 2.00000e+1, 3, 4, 
2023/07/24 20:37:41.569, 2.31079e+2, 0.00000e+0, 6.05833e+2, 0.00000e+0, 5.45217e+4, 0.00000e+0, 2.44404e+2, 0.00000e+0, 6.40769e+2, 0.00000e+0, 5.00150e+2, 0.00000e+0, 4.13070e+1, 0.00000e+0, 4.34483e+1, 0.00000e+0, 3.71010e+0, 0.00000e+0, 3.03169e+0, 0.00000e+0, 0.00000e+0, -2.92049e-1, 0.00000e+0, -4.90955e+0, 0.00000e+0, 9.82125e-2, 0.00000e+0, 4.16903e+0, 0.00000e+0, 3.38708e+1, 0.00000e+0, 2.00000e+1, 2.00000e+1, 3, 5, 
2023/07/24 20:37:51.767, 2.31085e+2, 0.00000e+0, 6.06379e+2, 0.00000e+0, 5.41157e+4, 0.00000e+0, 2.44306e+2, 0.00000e+0, 6.41072e+2, 0.00000e+0, 5.00119e+2, 0.00000e+0, 4.13104e+1, 0.00000e+0, 4.34474e+1, 0.00000e+0, 3.70987e+0, 0.00000e+0, 3.03184e+0, 0.00000e+0, 0.00000e+0, -2.92049e-1, 0.00000e+0, -4.90955e+0, 0.00000e+0, 9.80681e-2, 0.00000e+0, 4.16486e+0, 0.00000e+0, 3.36224e+1, 0.00000e+0, 2.00000e+1, 2.00000e+1, 3, 6, 
2023/07/24 20:38:01.866, 2.31006e+2, 0.00000e+0, 6.06681e+2, 0.00000e+0, 5.38223e+4, 0.00000e+0, 2.44146e+2, 0.00000e+0, 6.41191e+2, 0.00000e+0, 5.00091e+2, 0.00000e+0, 4.13136e+1, 0.00000e+0, 4.34376e+1, 0.00000e+0, 3.71017e+0, 0.00000e+0, 3.03213e+0, 0.00000e+0, 0.00000e+0, -2.92049e-1, 0.00000e+0, -4.90955e+0, 0.00000e+0, 9.89805e-2, 0.00000e+0, 4.16072e+0, 0.00000e+0, 3.33760e+1, 0.00000e+0, 2.00000e+1, 2.00000e+1, 3, 7, 

