SN:3K430000012749 BD:Apr 19 2021 VC:7d9ffae MD5:34e03199e6006f2831fb02c414d62259
                     Time,      [CH4]_ppm,   [CH4]_ppm_sd,      [CO2]_ppm,   [CO2]_ppm_sd,      [H2O]_ppm,   [H2O]_ppm_sd,     [CH4]d_ppm,  [CH4]d_ppm_sd,     [CO2]d_ppm,  [CO2]d_ppm_sd,      GasP_torr,   GasP_torr_sd,         GasT_C,      GasT_C_sd,         AmbT_C,      AmbT_C_sd,         RD0_us,      RD0_us_sd,         RD1_us,      RD1_us_sd,     RD0_raw_us,         LTC0_v,      LTC0_v_sd,         LTC1_v,      LTC1_v_sd,             HZ,          HZ_sd,         Batt_v,      Batt_v_sd,        BattPer,     BattPer_sd, Temp_Status_mA,Analyzer_Status_mA,       Fit_Flag,      MIU_VALVE,       MIU_DESC
2023/07/24 18:48:12.739, 4.70557e+2, 0.00000e+0, 6.26327e+2, 0.00000e+0, 3.33233e+4, 0.00000e+0, 4.86778e+2, 0.00000e+0, 6.47918e+2, 0.00000e+0, 5.00382e+2, 0.00000e+0, 3.77322e+1, 0.00000e+0, 3.97284e+1, 0.00000e+0, 3.99237e+0, 0.00000e+0, 3.03215e+0, 0.00000e+0, 0.00000e+0, -2.96010e-1, 0.00000e+0, -4.91228e+0, 0.00000e+0, 9.83091e-2, 0.00000e+0, 5.17178e+0, 0.00000e+0, 9.35581e+1, 0.00000e+0, 2.00000e+1, 2.00000e+1, 3, 6, 
2023/07/24 18:48:22.864, 4.70125e+2, 0.00000e+0, 6.26336e+2, 0.00000e+0, 3.32184e+4, 0.00000e+0, 4.86278e+2, 0.00000e+0, 6.47857e+2, 0.00000e+0, 5.00446e+2, 0.00000e+0, 3.77239e+1, 0.00000e+0, 3.97292e+1, 0.00000e+0, 3.99241e+0, 0.00000e+0, 3.03220e+0, 0.00000e+0, 0.00000e+0, -2.96010e-1, 0.00000e+0, -4.91228e+0, 0.00000e+0, 9.87362e-2, 0.00000e+0, 5.17058e+0, 0.00000e+0, 9.34867e+1, 0.00000e+0, 2.00000e+1, 2.00000e+1, 3, 7, 
2023/07/24 18:48:32.987, 4.69886e+2, 0.00000e+0, 6.26455e+2, 0.00000e+0, 3.30524e+4, 0.00000e+0, 4.85948e+2, 0.00000e+0, 6.47869e+2, 0.00000e+0, 5.00471e+2, 0.00000e+0, 3.77104e+1, 0.00000e+0, 3.97405e+1, 0.00000e+0, 3.99207e+0, 0.00000e+0, 3.03237e+0, 0.00000e+0, 0.00000e+0, -2.96010e-1, 0.00000e+0, -4.91228e+0, 0.00000e+0, 9.87654e-2, 0.00000e+0, 5.16909e+0, 0.00000e+0, 9.33985e+1, 0.00000e+0, 2.00000e+1, 2.00000e+1, 3, 8, 
2023/07/24 18:48:43.170, 4.69498e+2, 0.00000e+0, 6.26654e+2, 0.00000e+0, 3.29218e+4, 0.00000e+0, 4.85481e+2, 0.00000e+0, 6.47987e+2, 0.00000e+0, 5.00483e+2, 0.00000e+0, 3.77017e+1, 0.00000e+0, 3.97319e+1, 0.00000e+0, 3.99212e+0, 0.00000e+0, 3.03270e+0, 0.00000e+0, 0.00000e+0, -2.96010e-1, 0.00000e+0, -4.91228e+0, 0.00000e+0, 9.82415e-2, 0.00000e+0, 5.16790e+0, 0.00000e+0, 9.33274e+1, 0.00000e+0, 2.00000e+1, 2.00000e+1, 3, 1, 
2023/07/24 18:48:53.292, 4.69258e+2, 0.00000e+0, 6.27097e+2, 0.00000e+0, 3.26976e+4, 0.00000e+0, 4.85121e+2, 0.00000e+0, 6.48295e+2, 0.00000e+0, 5.00440e+2, 0.00000e+0, 3.76890e+1, 0.00000e+0, 3.97607e+1, 0.00000e+0, 3.99259e+0, 0.00000e+0, 3.03234e+0, 0.00000e+0, 0.00000e+0, -2.96010e-1, 0.00000e+0, -4.91228e+0, 0.00000e+0, 9.87654e-2, 0.00000e+0, 5.16646e+0, 0.00000e+0, 9.32419e+1, 0.00000e+0, 2.00000e+1, 2.00000e+1, 3, 2, 
2023/07/24 18:49:03.466, 4.68889e+2, 0.00000e+0, 6.27028e+2, 0.00000e+0, 3.25551e+4, 0.00000e+0, 4.84667e+2, 0.00000e+0, 6.48127e+2, 0.00000e+0, 5.00453e+2, 0.00000e+0, 3.76807e+1, 0.00000e+0, 3.97299e+1, 0.00000e+0, 3.99210e+0, 0.00000e+0, 3.03259e+0, 0.00000e+0, 0.00000e+0, -2.96010e-1, 0.00000e+0, -4.91228e+0, 0.00000e+0, 9.83091e-2, 0.00000e+0, 5.16522e+0, 0.00000e+0, 9.31681e+1, 0.00000e+0, 2.00000e+1, 2.00000e+1, 3, 3, 
2023/07/24 18:49:13.596, 4.68633e+2, 0.00000e+0, 6.27356e+2, 0.00000e+0, 3.24085e+4, 0.00000e+0, 4.84330e+2, 0.00000e+0, 6.48368e+2, 0.00000e+0, 5.00397e+2, 0.00000e+0, 3.76687e+1, 0.00000e+0, 3.97021e+1, 0.00000e+0, 3.99158e+0, 0.00000e+0, 3.03204e+0, 0.00000e+0, 0.00000e+0, -2.96010e-1, 0.00000e+0, -4.91228e+0, 0.00000e+0, 9.87069e-2, 0.00000e+0, 5.16404e+0, 0.00000e+0, 9.30974e+1, 0.00000e+0, 2.00000e+1, 2.00000e+1, 3, 4, 
2023/07/24 18:49:23.766, 4.68257e+2, 0.00000e+0, 6.27281e+2, 0.00000e+0, 3.22990e+4, 0.00000e+0, 4.83887e+2, 0.00000e+0, 6.48217e+2, 0.00000e+0, 5.00386e+2, 0.00000e+0, 3.76603e+1, 0.00000e+0, 3.96892e+1, 0.00000e+0, 3.99147e+0, 0.00000e+0, 3.03263e+0, 0.00000e+0, 0.00000e+0, -2.96010e-1, 0.00000e+0, -4.91228e+0, 0.00000e+0, 9.83381e-2, 0.00000e+0, 5.16251e+0, 0.00000e+0, 9.30067e+1, 0.00000e+0, 2.00000e+1, 2.00000e+1, 3, 5, 
2023/07/24 18:49:33.960, 4.67861e+2, 0.00000e+0, 6.27451e+2, 0.00000e+0, 3.21016e+4, 0.00000e+0, 4.83378e+2, 0.00000e+0, 6.48262e+2, 0.00000e+0, 5.00443e+2, 0.00000e+0, 3.76522e+1, 0.00000e+0, 3.96619e+1, 0.00000e+0, 3.99164e+0, 0.00000e+0, 3.03280e+0, 0.00000e+0, 0.00000e+0, -2.96010e-1, 0.00000e+0, -4.91228e+0, 0.00000e+0, 9.81258e-2, 0.00000e+0, 5.16066e+0, 0.00000e+0, 9.28966e+1, 0.00000e+0, 2.00000e+1, 2.00000e+1, 3, 6, 
2023/07/24 18:49:44.070, 4.67583e+2, 0.00000e+0, 6.27742e+2, 0.00000e+0, 3.19784e+4, 0.00000e+0, 4.83030e+2, 0.00000e+0, 6.48479e+2, 0.00000e+0, 5.00456e+2, 0.00000e+0, 3.76395e+1, 0.00000e+0, 3.96411e+1, 0.00000e+0, 3.99171e+0, 0.00000e+0, 3.03271e+0, 0.00000e+0, 0.00000e+0, -2.96010e-1, 0.00000e+0, -4.91228e+0, 0.00000e+0, 9.89707e-2, 0.00000e+0, 5.15907e+0, 0.00000e+0, 9.28016e+1, 0.00000e+0, 2.00000e+1, 2.00000e+1, 3, 7, 
2023/07/24 18:49:54.263, 4.67247e+2, 0.00000e+0, 6.27791e+2, 0.00000e+0, 3.19010e+4, 0.00000e+0, 4.82644e+2, 0.00000e+0, 6.48478e+2, 0.00000e+0, 5.00479e+2, 0.00000e+0, 3.76306e+1, 0.00000e+0, 3.96426e+1, 0.00000e+0, 3.99096e+0, 0.00000e+0, 3.03264e+0, 0.00000e+0, 0.00000e+0, -2.96010e-1, 0.00000e+0, -4.91228e+0, 0.00000e+0, 9.80969e-2, 0.00000e+0, 5.15775e+0, 0.00000e+0, 9.27234e+1, 0.00000e+0, 2.00000e+1, 2.00000e+1, 3, 8, 
2023/07/24 18:50:04.367, 4.66929e+2, 0.00000e+0, 6.27726e+2, 0.00000e+0, 3.18027e+4, 0.00000e+0, 4.82266e+2, 0.00000e+0, 6.48345e+2, 0.00000e+0, 5.00487e+2, 0.00000e+0, 3.76259e+1, 0.00000e+0, 3.96370e+1, 0.00000e+0, 3.99073e+0, 0.00000e+0, 3.03275e+0, 0.00000e+0, 0.00000e+0, -2.96010e-1, 0.00000e+0, -4.91228e+0, 0.00000e+0, 9.89413e-2, 0.00000e+0, 5.15667e+0, 0.00000e+0, 9.26587e+1, 0.00000e+0, 2.00000e+1, 2.00000e+1, 3, 1, 
2023/07/24 18:50:14.565, 4.66434e+2, 0.00000e+0, 6.27685e+2, 0.00000e+0, 3.17290e+4, 0.00000e+0, 4.81718e+2, 0.00000e+0, 6.48254e+2, 0.00000e+0, 5.00464e+2, 0.00000e+0, 3.76178e+1, 0.00000e+0, 3.96254e+1, 0.00000e+0, 3.99074e+0, 0.00000e+0, 3.03285e+0, 0.00000e+0, 0.00000e+0, -2.96010e-1, 0.00000e+0, -4.91228e+0, 0.00000e+0, 9.80873e-2, 0.00000e+0, 5.15524e+0, 0.00000e+0, 9.25740e+1, 0.00000e+0, 2.00000e+1, 2.00000e+1, 3, 2, 
2023/07/24 18:50:24.667, 4.66155e+2, 0.00000e+0, 6.27759e+2, 0.00000e+0, 3.16555e+4, 0.00000e+0, 4.81393e+2, 0.00000e+0, 6.48281e+2, 0.00000e+0, 5.00433e+2, 0.00000e+0, 3.76066e+1, 0.00000e+0, 3.95960e+1, 0.00000e+0, 3.99041e+0, 0.00000e+0, 3.03263e+0, 0.00000e+0, 0.00000e+0, -2.96010e-1, 0.00000e+0, -4.91228e+0, 0.00000e+0, 9.89315e-2, 0.00000e+0, 5.15370e+0, 0.00000e+0, 9.24823e+1, 0.00000e+0, 2.00000e+1, 2.00000e+1, 3, 3, 
2023/07/24 18:50:34.862, 4.65957e+2, 0.00000e+0, 6.28637e+2, 0.00000e+0, 3.12200e+4, 0.00000e+0, 4.80973e+2, 0.00000e+0, 6.48896e+2, 0.00000e+0, 5.00440e+2, 0.00000e+0, 3.75927e+1, 0.00000e+0, 3.95830e+1, 0.00000e+0, 3.99113e+0, 0.00000e+0, 3.03260e+0, 0.00000e+0, 0.00000e+0, -2.96010e-1, 0.00000e+0, -4.91228e+0, 0.00000e+0, 9.81643e-2, 0.00000e+0, 5.15229e+0, 0.00000e+0, 9.23984e+1, 0.00000e+0, 2.00000e+1, 2.00000e+1, 3, 4, 
2023/07/24 18:50:44.971, 4.65554e+2, 0.00000e+0, 6.28425e+2, 0.00000e+0, 3.10726e+4, 0.00000e+0, 4.80484e+2, 0.00000e+0, 6.48578e+2, 0.00000e+0, 5.00454e+2, 0.00000e+0, 3.75854e+1, 0.00000e+0, 3.96140e+1, 0.00000e+0, 3.99135e+0, 0.00000e+0, 3.03296e+0, 0.00000e+0, 0.00000e+0, -2.96010e-1, 0.00000e+0, -4.91228e+0, 0.00000e+0, 9.89218e-2, 0.00000e+0, 5.15052e+0, 0.00000e+0, 9.22930e+1, 0.00000e+0, 2.00000e+1, 2.00000e+1, 3, 5, 
2023/07/24 18:50:55.166, 4.65246e+2, 0.00000e+0, 6.28624e+2, 0.00000e+0, 3.09732e+4, 0.00000e+0, 4.80117e+2, 0.00000e+0, 6.48717e+2, 0.00000e+0, 5.00479e+2, 0.00000e+0, 3.75773e+1, 0.00000e+0, 3.95956e+1, 0.00000e+0, 3.99070e+0, 0.00000e+0, 3.03285e+0, 0.00000e+0, 0.00000e+0, -2.96010e-1, 0.00000e+0, -4.91228e+0, 0.00000e+0, 9.80681e-2, 0.00000e+0, 5.14898e+0, 0.00000e+0, 9.22009e+1, 0.00000e+0, 2.00000e+1, 2.00000e+1, 3, 6, 
2023/07/24 18:51:05.275, 4.64947e+2, 0.00000e+0, 6.28601e+2, 0.00000e+0, 3.08600e+4, 0.00000e+0, 4.79752e+2, 0.00000e+0, 6.48617e+2, 0.00000e+0, 5.00491e+2, 0.00000e+0, 3.75688e+1, 0.00000e+0, 3.95886e+1, 0.00000e+0, 3.99034e+0, 0.00000e+0, 3.03320e+0, 0.00000e+0, 0.00000e+0, -2.96010e-1, 0.00000e+0, -4.91228e+0, 0.00000e+0, 9.89413e-2, 0.00000e+0, 5.14744e+0, 0.00000e+0, 9.21096e+1, 0.00000e+0, 2.00000e+1, 2.00000e+1, 3, 7, 
2023/07/24 18:51:15.464, 4.64497e+2, 0.00000e+0, 6.28813e+2, 0.00000e+0, 3.07565e+4, 0.00000e+0, 4.79236e+2, 0.00000e+0, 6.48767e+2, 0.00000e+0, 5.00472e+2, 0.00000e+0, 3.75581e+1, 0.00000e+0, 3.96376e+1, 0.00000e+0, 3.99042e+0, 0.00000e+0, 3.03311e+0, 0.00000e+0, 0.00000e+0, -2.96010e-1, 0.00000e+0, -4.91229e+0, 0.00000e+0, 9.80969e-2, 0.00000e+0, 5.14577e+0, 0.00000e+0, 9.20103e+1, 0.00000e+0, 2.00000e+1, 2.00000e+1, 3, 8, 
2023/07/24 18:51:25.579, 4.64183e+2, 0.00000e+0, 6.28840e+2, 0.00000e+0, 3.06696e+4, 0.00000e+0, 4.78870e+2, 0.00000e+0, 6.48737e+2, 0.00000e+0, 5.00461e+2, 0.00000e+0, 3.75512e+1, 0.00000e+0, 3.95990e+1, 0.00000e+0, 3.99076e+0, 0.00000e+0, 3.03310e+0, 0.00000e+0, 0.00000e+0, -2.96010e-1, 0.00000e+0, -4.91229e+0, 0.00000e+0, 9.88728e-2, 0.00000e+0, 5.14442e+0, 0.00000e+0, 9.19297e+1, 0.00000e+0, 2.00000e+1, 2.00000e+1, 3, 1, 
2023/07/24 18:51:35.768, 4.63896e+2, 0.00000e+0, 6.28796e+2, 0.00000e+0, 3.05696e+4, 0.00000e+0, 4.78525e+2, 0.00000e+0, 6.48624e+2, 0.00000e+0, 5.00438e+2, 0.00000e+0, 3.75409e+1, 0.00000e+0, 3.95873e+1, 0.00000e+0, 3.99001e+0, 0.00000e+0, 3.03350e+0, 0.00000e+0, 0.00000e+0, -2.96010e-1, 0.00000e+0, -4.91229e+0, 0.00000e+0, 9.81836e-2, 0.00000e+0, 5.14316e+0, 0.00000e+0, 9.18550e+1, 0.00000e+0, 2.00000e+1, 2.00000e+1, 3, 2, 
2023/07/24 18:51:45.883, 4.63500e+2, 0.00000e+0, 6.29208e+2, 0.00000e+0, 3.03754e+4, 0.00000e+0, 4.78020e+2, 0.00000e+0, 6.48919e+2, 0.00000e+0, 5.00443e+2, 0.00000e+0, 3.75288e+1, 0.00000e+0, 3.95792e+1, 0.00000e+0, 3.99035e+0, 0.00000e+0, 3.03318e+0, 0.00000e+0, 0.00000e+0, -2.96010e-1, 0.00000e+0, -4.91229e+0, 0.00000e+0, 9.88533e-2, 0.00000e+0, 5.14184e+0, 0.00000e+0, 9.17763e+1, 0.00000e+0, 2.00000e+1, 2.00000e+1, 3, 3, 
2023/07/24 18:51:56.069, 4.63189e+2, 0.00000e+0, 6.29438e+2, 0.00000e+0, 3.02305e+4, 0.00000e+0, 4.77628e+2, 0.00000e+0, 6.49059e+2, 0.00000e+0, 5.00485e+2, 0.00000e+0, 3.75222e+1, 0.00000e+0, 3.95885e+1, 0.00000e+0, 3.98938e+0, 0.00000e+0, 3.03312e+0, 0.00000e+0, 0.00000e+0, -2.96010e-1, 0.00000e+0, -4.91229e+0, 0.00000e+0, 9.82318e-2, 0.00000e+0, 5.14020e+0, 0.00000e+0, 9.16786e+1, 0.00000e+0, 2.00000e+1, 2.00000e+1, 3, 4, 
2023/07/24 18:52:06.189, 4.62889e+2, 0.00000e+0, 6.29352e+2, 0.00000e+0, 3.00575e+4, 0.00000e+0, 4.77234e+2, 0.00000e+0, 6.48855e+2, 0.00000e+0, 5.00488e+2, 0.00000e+0, 3.75154e+1, 0.00000e+0, 3.95967e+1, 0.00000e+0, 3.98953e+0, 0.00000e+0, 3.03324e+0, 0.00000e+0, 0.00000e+0, -2.96010e-1, 0.00000e+0, -4.91229e+0, 0.00000e+0, 9.87362e-2, 0.00000e+0, 5.13833e+0, 0.00000e+0, 9.15673e+1, 0.00000e+0, 2.00000e+1, 2.00000e+1, 3, 5, 
2023/07/24 18:52:16.365, 4.62263e+2, 0.00000e+0, 6.28641e+2, 0.00000e+0, 3.03128e+4, 0.00000e+0, 4.76713e+2, 0.00000e+0, 6.48292e+2, 0.00000e+0, 5.00503e+2, 0.00000e+0, 3.75035e+1, 0.00000e+0, 3.96146e+1, 0.00000e+0, 3.98929e+0, 0.00000e+0, 3.03312e+0, 0.00000e+0, 0.00000e+0, -2.96010e-1, 0.00000e+0, -4.91229e+0, 0.00000e+0, 9.83091e-2, 0.00000e+0, 5.13614e+0, 0.00000e+0, 9.14371e+1, 0.00000e+0, 2.00000e+1, 2.00000e+1, 3, 6, 
2023/07/24 18:52:26.563, 4.59788e+2, 0.00000e+0, 6.20965e+2, 0.00000e+0, 3.40346e+4, 0.00000e+0, 4.75988e+2, 0.00000e+0, 6.42844e+2, 0.00000e+0, 5.00485e+2, 0.00000e+0, 3.74920e+1, 0.00000e+0, 3.96186e+1, 0.00000e+0, 3.98182e+0, 0.00000e+0, 3.03288e+0, 0.00000e+0, 0.00000e+0, -2.96010e-1, 0.00000e+0, -4.91229e+0, 0.00000e+0, 9.80392e-2, 0.00000e+0, 5.13414e+0, 0.00000e+0, 9.13176e+1, 0.00000e+0, 2.00000e+1, 2.00000e+1, 3, 7, 
2023/07/24 18:52:36.667, 4.59593e+2, 0.00000e+0, 6.21725e+2, 0.00000e+0, 3.38554e+4, 0.00000e+0, 4.75698e+2, 0.00000e+0, 6.43512e+2, 0.00000e+0, 5.00435e+2, 0.00000e+0, 3.74807e+1, 0.00000e+0, 3.96370e+1, 0.00000e+0, 3.98185e+0, 0.00000e+0, 3.03284e+0, 0.00000e+0, 0.00000e+0, -2.96010e-1, 0.00000e+0, -4.91229e+0, 0.00000e+0, 9.90099e-2, 0.00000e+0, 5.13214e+0, 0.00000e+0, 9.11987e+1, 0.00000e+0, 2.00000e+1, 2.00000e+1, 3, 8, 
2023/07/24 18:52:46.866, 4.59421e+2, 0.00000e+0, 6.22717e+2, 0.00000e+0, 3.35453e+4, 0.00000e+0, 4.75368e+2, 0.00000e+0, 6.44331e+2, 0.00000e+0, 5.00397e+2, 0.00000e+0, 3.74734e+1, 0.00000e+0, 3.96596e+1, 0.00000e+0, 3.98253e+0, 0.00000e+0, 3.03283e+0, 0.00000e+0, 0.00000e+0, -2.96010e-1, 0.00000e+0, -4.91229e+0, 0.00000e+0, 9.80681e-2, 0.00000e+0, 5.13079e+0, 0.00000e+0, 9.11182e+1, 0.00000e+0, 2.00000e+1, 2.00000e+1, 3, 1, 
2023/07/24 18:52:56.967, 4.59175e+2, 0.00000e+0, 6.23437e+2, 0.00000e+0, 3.33330e+4, 0.00000e+0, 4.75008e+2, 0.00000e+0, 6.44934e+2, 0.00000e+0, 5.00390e+2, 0.00000e+0, 3.74702e+1, 0.00000e+0, 3.96250e+1, 0.00000e+0, 3.98302e+0, 0.00000e+0, 3.03283e+0, 0.00000e+0, 0.00000e+0, -2.96010e-1, 0.00000e+0, -4.91229e+0, 0.00000e+0, 9.90295e-2, 0.00000e+0, 5.12973e+0, 0.00000e+0, 9.10551e+1, 0.00000e+0, 2.00000e+1, 2.00000e+1, 3, 2, 
2023/07/24 18:53:07.164, 4.58793e+2, 0.00000e+0, 6.24082e+2, 0.00000e+0, 3.31933e+4, 0.00000e+0, 4.74545e+2, 0.00000e+0, 6.45509e+2, 0.00000e+0, 5.00479e+2, 0.00000e+0, 3.74615e+1, 0.00000e+0, 3.95922e+1, 0.00000e+0, 3.98289e+0, 0.00000e+0, 3.03287e+0, 0.00000e+0, 0.00000e+0, -2.96010e-1, 0.00000e+0, -4.91229e+0, 0.00000e+0, 9.80584e-2, 0.00000e+0, 5.12889e+0, 0.00000e+0, 9.10051e+1, 0.00000e+0, 2.00000e+1, 2.00000e+1, 3, 3, 
2023/07/24 18:53:17.265, 4.58380e+2, 0.00000e+0, 6.24805e+2, 0.00000e+0, 3.29637e+4, 0.00000e+0, 4.74005e+2, 0.00000e+0, 6.46103e+2, 0.00000e+0, 5.00517e+2, 0.00000e+0, 3.74523e+1, 0.00000e+0, 3.95613e+1, 0.00000e+0, 3.98363e+0, 0.00000e+0, 3.03292e+0, 0.00000e+0, 0.00000e+0, -2.96010e-1, 0.00000e+0, -4.91229e+0, 0.00000e+0, 9.90197e-2, 0.00000e+0, 5.12756e+0, 0.00000e+0, 9.09260e+1, 0.00000e+0, 2.00000e+1, 2.00000e+1, 3, 4, 
2023/07/24 18:53:27.462, 4.57397e+2, 0.00000e+0, 6.23047e+2, 0.00000e+0, 3.39062e+4, 0.00000e+0, 4.73450e+2, 0.00000e+0, 6.44913e+2, 0.00000e+0, 5.00510e+2, 0.00000e+0, 3.74448e+1, 0.00000e+0, 3.95602e+1, 0.00000e+0, 3.98143e+0, 0.00000e+0, 3.03276e+0, 0.00000e+0, 0.00000e+0, -2.96010e-1, 0.00000e+0, -4.91229e+0, 0.00000e+0, 9.80681e-2, 0.00000e+0, 5.12567e+0, 0.00000e+0, 9.08140e+1, 0.00000e+0, 2.00000e+1, 2.00000e+1, 3, 5, 
2023/07/24 18:53:37.569, 4.56842e+2, 0.00000e+0, 6.22817e+2, 0.00000e+0, 3.43092e+4, 0.00000e+0, 4.73072e+2, 0.00000e+0, 6.44944e+2, 0.00000e+0, 5.00520e+2, 0.00000e+0, 3.74333e+1, 0.00000e+0, 3.95400e+1, 0.00000e+0, 3.98057e+0, 0.00000e+0, 3.03264e+0, 0.00000e+0, 0.00000e+0, -2.96010e-1, 0.00000e+0, -4.91229e+0, 0.00000e+0, 9.89218e-2, 0.00000e+0, 5.12431e+0, 0.00000e+0, 9.07328e+1, 0.00000e+0, 2.00000e+1, 2.00000e+1, 3, 6, 
2023/07/24 18:53:47.770, 4.56785e+2, 0.00000e+0, 6.23596e+2, 0.00000e+0, 3.40975e+4, 0.00000e+0, 4.72910e+2, 0.00000e+0, 6.45610e+2, 0.00000e+0, 5.00468e+2, 0.00000e+0, 3.74244e+1, 0.00000e+0, 3.95627e+1, 0.00000e+0, 3.98018e+0, 0.00000e+0, 3.03297e+0, 0.00000e+0, 0.00000e+0, -2.96010e-1, 0.00000e+0, -4.91230e+0, 0.00000e+0, 9.80488e-2, 0.00000e+0, 5.12262e+0, 0.00000e+0, 9.06321e+1, 0.00000e+0, 2.00000e+1, 2.00000e+1, 3, 7, 
2023/07/24 18:53:57.873, 4.56396e+2, 0.00000e+0, 6.24232e+2, 0.00000e+0, 3.39958e+4, 0.00000e+0, 4.72458e+2, 0.00000e+0, 6.46200e+2, 0.00000e+0, 5.00420e+2, 0.00000e+0, 3.74155e+1, 0.00000e+0, 3.95877e+1, 0.00000e+0, 3.98125e+0, 0.00000e+0, 3.03310e+0, 0.00000e+0, 0.00000e+0, -2.96010e-1, 0.00000e+0, -4.91230e+0, 0.00000e+0, 9.89511e-2, 0.00000e+0, 5.12079e+0, 0.00000e+0, 9.05234e+1, 0.00000e+0, 2.00000e+1, 2.00000e+1, 3, 8, 
2023/07/24 18:54:08.068, 4.56160e+2, 0.00000e+0, 6.24743e+2, 0.00000e+0, 3.39488e+4, 0.00000e+0, 4.72191e+2, 0.00000e+0, 6.46698e+2, 0.00000e+0, 5.00428e+2, 0.00000e+0, 3.74043e+1, 0.00000e+0, 3.95709e+1, 0.00000e+0, 3.98056e+0, 0.00000e+0, 3.03282e+0, 0.00000e+0, 0.00000e+0, -2.96010e-1, 0.00000e+0, -4.91230e+0, 0.00000e+0, 9.81354e-2, 0.00000e+0, 5.11923e+0, 0.00000e+0, 9.04303e+1, 0.00000e+0, 2.00000e+1, 2.00000e+1, 3, 1, 
2023/07/24 18:54:18.177, 4.55837e+2, 0.00000e+0, 6.24977e+2, 0.00000e+0, 3.38406e+4, 0.00000e+0, 4.71803e+2, 0.00000e+0, 6.46867e+2, 0.00000e+0, 5.00452e+2, 0.00000e+0, 3.74007e+1, 0.00000e+0, 3.95722e+1, 0.00000e+0, 3.98067e+0, 0.00000e+0, 3.03340e+0, 0.00000e+0, 0.00000e+0, -2.96010e-1, 0.00000e+0, -4.91230e+0, 0.00000e+0, 9.88631e-2, 0.00000e+0, 5.11756e+0, 0.00000e+0, 9.03309e+1, 0.00000e+0, 2.00000e+1, 2.00000e+1, 3, 2, 
2023/07/24 18:54:28.369, 4.55452e+2, 0.00000e+0, 6.25471e+2, 0.00000e+0, 3.37619e+4, 0.00000e+0, 4.71366e+2, 0.00000e+0, 6.47326e+2, 0.00000e+0, 5.00501e+2, 0.00000e+0, 3.73937e+1, 0.00000e+0, 3.95850e+1, 0.00000e+0, 3.98071e+0, 0.00000e+0, 3.03314e+0, 0.00000e+0, 0.00000e+0, -2.96010e-1, 0.00000e+0, -4.91230e+0, 0.00000e+0, 9.81836e-2, 0.00000e+0, 5.11607e+0, 0.00000e+0, 9.02423e+1, 0.00000e+0, 2.00000e+1, 2.00000e+1, 3, 3, 
2023/07/24 18:54:38.482, 4.54996e+2, 0.00000e+0, 6.25439e+2, 0.00000e+0, 3.36957e+4, 0.00000e+0, 4.70862e+2, 0.00000e+0, 6.47249e+2, 0.00000e+0, 5.00520e+2, 0.00000e+0, 3.73856e+1, 0.00000e+0, 3.95839e+1, 0.00000e+0, 3.98076e+0, 0.00000e+0, 3.03313e+0, 0.00000e+0, 0.00000e+0, -2.96010e-1, 0.00000e+0, -4.91230e+0, 0.00000e+0, 9.88240e-2, 0.00000e+0, 5.11436e+0, 0.00000e+0, 9.01407e+1, 0.00000e+0, 2.00000e+1, 2.00000e+1, 3, 4, 
2023/07/24 18:54:48.664, 4.54602e+2, 0.00000e+0, 6.25239e+2, 0.00000e+0, 3.37379e+4, 0.00000e+0, 4.70475e+2, 0.00000e+0, 6.47070e+2, 0.00000e+0, 5.00526e+2, 0.00000e+0, 3.73811e+1, 0.00000e+0, 3.95875e+1, 0.00000e+0, 3.98049e+0, 0.00000e+0, 3.03321e+0, 0.00000e+0, 0.00000e+0, -2.96010e-1, 0.00000e+0, -4.91230e+0, 0.00000e+0, 9.82704e-2, 0.00000e+0, 5.11263e+0, 0.00000e+0, 9.00373e+1, 0.00000e+0, 2.00000e+1, 2.00000e+1, 3, 5, 
2023/07/24 18:54:58.787, 4.53574e+2, 0.00000e+0, 6.23053e+2, 0.00000e+0, 3.49028e+4, 0.00000e+0, 4.69978e+2, 0.00000e+0, 6.45586e+2, 0.00000e+0, 5.00507e+2, 0.00000e+0, 3.73700e+1, 0.00000e+0, 3.95913e+1, 0.00000e+0, 3.97821e+0, 0.00000e+0, 3.03304e+0, 0.00000e+0, 0.00000e+0, -2.96010e-1, 0.00000e+0, -4.91230e+0, 0.00000e+0, 9.87459e-2, 0.00000e+0, 5.11088e+0, 0.00000e+0, 8.99333e+1, 0.00000e+0, 2.00000e+1, 2.00000e+1, 3, 6, 
2023/07/24 18:55:09.006, 4.53297e+2, 0.00000e+0, 6.23838e+2, 0.00000e+0, 3.46326e+4, 0.00000e+0, 4.69559e+2, 0.00000e+0, 6.46219e+2, 0.00000e+0, 5.00472e+2, 0.00000e+0, 3.73587e+1, 0.00000e+0, 3.95632e+1, 0.00000e+0, 3.97851e+0, 0.00000e+0, 3.03333e+0, 0.00000e+0, 0.00000e+0, -2.96010e-1, 0.00000e+0, -4.91230e+0, 0.00000e+0, 9.78761e-2, 0.00000e+0, 5.10944e+0, 0.00000e+0, 8.98476e+1, 0.00000e+0, 2.00000e+1, 2.00000e+1, 3, 7, 
2023/07/24 18:55:19.090, 4.53178e+2, 0.00000e+0, 6.24607e+2, 0.00000e+0, 3.43570e+4, 0.00000e+0, 4.69302e+2, 0.00000e+0, 6.46830e+2, 0.00000e+0, 5.00465e+2, 0.00000e+0, 3.73550e+1, 0.00000e+0, 3.95466e+1, 0.00000e+0, 3.97867e+0, 0.00000e+0, 3.03348e+0, 0.00000e+0, 0.00000e+0, -2.96010e-1, 0.00000e+0, -4.91230e+0, 0.00000e+0, 9.91473e-2, 0.00000e+0, 5.10761e+0, 0.00000e+0, 8.97386e+1, 0.00000e+0, 2.00000e+1, 2.00000e+1, 3, 8, 
2023/07/24 18:55:29.265, 4.52789e+2, 0.00000e+0, 6.25000e+2, 0.00000e+0, 3.42538e+4, 0.00000e+0, 4.68849e+2, 0.00000e+0, 6.47168e+2, 0.00000e+0, 5.00488e+2, 0.00000e+0, 3.73494e+1, 0.00000e+0, 3.95623e+1, 0.00000e+0, 3.97895e+0, 0.00000e+0, 3.03321e+0, 0.00000e+0, 0.00000e+0, -2.96010e-1, 0.00000e+0, -4.91230e+0, 0.00000e+0, 9.82994e-2, 0.00000e+0, 5.10609e+0, 0.00000e+0, 8.96485e+1, 0.00000e+0, 2.00000e+1, 2.00000e+1, 3, 1, 
2023/07/24 18:55:39.395, 4.52443e+2, 0.00000e+0, 6.24797e+2, 0.00000e+0, 3.42370e+4, 0.00000e+0, 4.68482e+2, 0.00000e+0, 6.46947e+2, 0.00000e+0, 5.00497e+2, 0.00000e+0, 3.73413e+1, 0.00000e+0, 3.95496e+1, 0.00000e+0, 3.97851e+0, 0.00000e+0, 3.03372e+0, 0.00000e+0, 0.00000e+0, -2.96010e-1, 0.00000e+0, -4.91230e+0, 0.00000e+0, 9.86777e-2, 0.00000e+0, 5.10441e+0, 0.00000e+0, 8.95480e+1, 0.00000e+0, 2.00000e+1, 2.00000e+1, 3, 2, 
2023/07/24 18:55:49.564, 4.52013e+2, 0.00000e+0, 6.25096e+2, 0.00000e+0, 3.41287e+4, 0.00000e+0, 4.67985e+2, 0.00000e+0, 6.47183e+2, 0.00000e+0, 5.00538e+2, 0.00000e+0, 3.73328e+1, 0.00000e+0, 3.95453e+1, 0.00000e+0, 3.97880e+0, 0.00000e+0, 3.03376e+0, 0.00000e+0, 0.00000e+0, -2.96010e-1, 0.00000e+0, -4.91230e+0, 0.00000e+0, 9.83865e-2, 0.00000e+0, 5.10270e+0, 0.00000e+0, 8.94467e+1, 0.00000e+0, 2.00000e+1, 2.00000e+1, 3, 3, 
2023/07/24 18:55:59.767, 4.51768e+2, 0.00000e+0, 6.25472e+2, 0.00000e+0, 3.41093e+4, 0.00000e+0, 4.67721e+2, 0.00000e+0, 6.47560e+2, 0.00000e+0, 5.00530e+2, 0.00000e+0, 3.73208e+1, 0.00000e+0, 3.95590e+1, 0.00000e+0, 3.97789e+0, 0.00000e+0, 3.03350e+0, 0.00000e+0, 0.00000e+0, -2.96010e-1, 0.00000e+0, -4.91230e+0, 0.00000e+0, 9.79912e-2, 0.00000e+0, 5.10131e+0, 0.00000e+0, 8.93639e+1, 0.00000e+0, 2.00000e+1, 2.00000e+1, 3, 4, 
2023/07/24 18:56:09.865, 4.51362e+2, 0.00000e+0, 6.25446e+2, 0.00000e+0, 3.40514e+4, 0.00000e+0, 4.67273e+2, 0.00000e+0, 6.47494e+2, 0.00000e+0, 5.00524e+2, 0.00000e+0, 3.73141e+1, 0.00000e+0, 3.95580e+1, 0.00000e+0, 3.97750e+0, 0.00000e+0, 3.03363e+0, 0.00000e+0, 0.00000e+0, -2.96010e-1, 0.00000e+0, -4.91230e+0, 0.00000e+0, 9.90589e-2, 0.00000e+0, 5.09956e+0, 0.00000e+0, 8.92594e+1, 0.00000e+0, 2.00000e+1, 2.00000e+1, 3, 5, 
2023/07/24 18:56:20.064, 4.51140e+2, 0.00000e+0, 6.25717e+2, 0.00000e+0, 3.40664e+4, 0.00000e+0, 4.67051e+2, 0.00000e+0, 6.47784e+2, 0.00000e+0, 5.00476e+2, 0.00000e+0, 3.73102e+1, 0.00000e+0, 3.95617e+1, 0.00000e+0, 3.97730e+0, 0.00000e+0, 3.03376e+0, 0.00000e+0, 0.00000e+0, -2.96010e-1, 0.00000e+0, -4.91230e+0, 0.00000e+0, 9.80296e-2, 0.00000e+0, 5.09777e+0, 0.00000e+0, 8.91531e+1, 0.00000e+0, 2.00000e+1, 2.00000e+1, 3, 6, 
2023/07/24 18:56:30.167, 4.50700e+2, 0.00000e+0, 6.25800e+2, 0.00000e+0, 3.40394e+4, 0.00000e+0, 4.66582e+2, 0.00000e+0, 6.47852e+2, 0.00000e+0, 5.00455e+2, 0.00000e+0, 3.72997e+1, 0.00000e+0, 3.95723e+1, 0.00000e+0, 3.97748e+0, 0.00000e+0, 3.03378e+0, 0.00000e+0, 0.00000e+0, -2.96010e-1, 0.00000e+0, -4.91230e+0, 0.00000e+0, 9.90099e-2, 0.00000e+0, 5.09623e+0, 0.00000e+0, 8.90612e+1, 0.00000e+0, 2.00000e+1, 2.00000e+1, 3, 7, 
2023/07/24 18:56:40.366, 4.50353e+2, 0.00000e+0, 6.25815e+2, 0.00000e+0, 3.41045e+4, 0.00000e+0, 4.66254e+2, 0.00000e+0, 6.47912e+2, 0.00000e+0, 5.00487e+2, 0.00000e+0, 3.72942e+1, 0.00000e+0, 3.95568e+1, 0.00000e+0, 3.97687e+0, 0.00000e+0, 3.03375e+0, 0.00000e+0, 0.00000e+0, -2.96010e-1, 0.00000e+0, -4.91230e+0, 0.00000e+0, 9.80392e-2, 0.00000e+0, 5.09421e+0, 0.00000e+0, 8.89414e+1, 0.00000e+0, 2.00000e+1, 2.00000e+1, 3, 8, 
2023/07/24 18:56:50.467, 4.49689e+2, 0.00000e+0, 6.24637e+2, 0.00000e+0, 3.46534e+4, 0.00000e+0, 4.65832e+2, 0.00000e+0, 6.47060e+2, 0.00000e+0, 5.00506e+2, 0.00000e+0, 3.72905e+1, 0.00000e+0, 3.95587e+1, 0.00000e+0, 3.97538e+0, 0.00000e+0, 3.03357e+0, 0.00000e+0, 0.00000e+0, -2.96000e-1, 0.00000e+0, -4.91230e+0, 0.00000e+0, 9.90393e-2, 0.00000e+0, 5.09221e+0, 0.00000e+0, 8.88222e+1, 0.00000e+0, 2.00000e+1, 2.00000e+1, 3, 1, 
2023/07/24 18:57:00.667, 4.49163e+2, 0.00000e+0, 6.24245e+2, 0.00000e+0, 3.49548e+4, 0.00000e+0, 4.65432e+2, 0.00000e+0, 6.46855e+2, 0.00000e+0, 5.00527e+2, 0.00000e+0, 3.72865e+1, 0.00000e+0, 3.95742e+1, 0.00000e+0, 3.97419e+0, 0.00000e+0, 3.03357e+0, 0.00000e+0, 0.00000e+0, -2.95989e-1, 0.00000e+0, -4.91230e+0, 0.00000e+0, 9.80008e-2, 0.00000e+0, 5.08989e+0, 0.00000e+0, 8.86839e+1, 0.00000e+0, 2.00000e+1, 2.00000e+1, 3, 2, 
2023/07/24 18:57:10.770, 4.48812e+2, 0.00000e+0, 6.24683e+2, 0.00000e+0, 3.47606e+4, 0.00000e+0, 4.64975e+2, 0.00000e+0, 6.47180e+2, 0.00000e+0, 5.00538e+2, 0.00000e+0, 3.72770e+1, 0.00000e+0, 3.95856e+1, 0.00000e+0, 3.97473e+0, 0.00000e+0, 3.03344e+0, 0.00000e+0, 0.00000e+0, -2.95979e-1, 0.00000e+0, -4.91230e+0, 0.00000e+0, 9.90197e-2, 0.00000e+0, 5.08796e+0, 0.00000e+0, 8.85691e+1, 0.00000e+0, 2.00000e+1, 2.00000e+1, 3, 3, 
2023/07/24 18:57:20.966, 4.48546e+2, 0.00000e+0, 6.24866e+2, 0.00000e+0, 3.46829e+4, 0.00000e+0, 4.64662e+2, 0.00000e+0, 6.47317e+2, 0.00000e+0, 5.00493e+2, 0.00000e+0, 3.72657e+1, 0.00000e+0, 3.95950e+1, 0.00000e+0, 3.97449e+0, 0.00000e+0, 3.03398e+0, 0.00000e+0, 0.00000e+0, -2.95968e-1, 0.00000e+0, -4.91230e+0, 0.00000e+0, 9.80777e-2, 0.00000e+0, 5.08602e+0, 0.00000e+0, 8.84534e+1, 0.00000e+0, 2.00000e+1, 2.00000e+1, 3, 4, 
2023/07/24 18:57:31.074, 4.48180e+2, 0.00000e+0, 6.25292e+2, 0.00000e+0, 3.46067e+4, 0.00000e+0, 4.64246e+2, 0.00000e+0, 6.47707e+2, 0.00000e+0, 5.00460e+2, 0.00000e+0, 3.72553e+1, 0.00000e+0, 3.96061e+1, 0.00000e+0, 3.97481e+0, 0.00000e+0, 3.03361e+0, 0.00000e+0, 0.00000e+0, -2.95956e-1, 0.00000e+0, -4.91230e+0, 0.00000e+0, 9.89120e-2, 0.00000e+0, 5.08442e+0, 0.00000e+0, 8.83582e+1, 0.00000e+0, 2.00000e+1, 2.00000e+1, 3, 5, 
2023/07/24 18:57:41.265, 4.47923e+2, 0.00000e+0, 6.25587e+2, 0.00000e+0, 3.45163e+4, 0.00000e+0, 4.63936e+2, 0.00000e+0, 6.47952e+2, 0.00000e+0, 5.00415e+2, 0.00000e+0, 3.72500e+1, 0.00000e+0, 3.96074e+1, 0.00000e+0, 3.97434e+0, 0.00000e+0, 3.03365e+0, 0.00000e+0, 0.00000e+0, -2.95944e-1, 0.00000e+0, -4.91230e+0, 0.00000e+0, 9.81547e-2, 0.00000e+0, 5.08307e+0, 0.00000e+0, 8.82779e+1, 0.00000e+0, 2.00000e+1, 2.00000e+1, 3, 6, 
2023/07/24 18:57:51.379, 4.47530e+2, 0.00000e+0, 6.25711e+2, 0.00000e+0, 3.44041e+4, 0.00000e+0, 4.63476e+2, 0.00000e+0, 6.48005e+2, 0.00000e+0, 5.00453e+2, 0.00000e+0, 3.72429e+1, 0.00000e+0, 3.95793e+1, 0.00000e+0, 3.97469e+0, 0.00000e+0, 3.03385e+0, 0.00000e+0, 0.00000e+0, -2.95932e-1, 0.00000e+0, -4.91230e+0, 0.00000e+0, 9.88338e-2, 0.00000e+0, 5.08216e+0, 0.00000e+0, 8.82239e+1, 0.00000e+0, 2.00000e+1, 2.00000e+1, 3, 7, 
2023/07/24 18:58:01.563, 4.47184e+2, 0.00000e+0, 6.25893e+2, 0.00000e+0, 3.43469e+4, 0.00000e+0, 4.63090e+2, 0.00000e+0, 6.48155e+2, 0.00000e+0, 5.00481e+2, 0.00000e+0, 3.72334e+1, 0.00000e+0, 3.95783e+1, 0.00000e+0, 3.97428e+0, 0.00000e+0, 3.03395e+0, 0.00000e+0, 0.00000e+0, -2.95920e-1, 0.00000e+0, -4.91230e+0, 0.00000e+0, 9.82318e-2, 0.00000e+0, 5.08051e+0, 0.00000e+0, 8.81258e+1, 0.00000e+0, 2.00000e+1, 2.00000e+1, 3, 8, 
2023/07/24 18:58:11.683, 4.46774e+2, 0.00000e+0, 6.25924e+2, 0.00000e+0, 3.43534e+4, 0.00000e+0, 4.62668e+2, 0.00000e+0, 6.48191e+2, 0.00000e+0, 5.00526e+2, 0.00000e+0, 3.72259e+1, 0.00000e+0, 3.95665e+1, 0.00000e+0, 3.97401e+0, 0.00000e+0, 3.03408e+0, 0.00000e+0, 0.00000e+0, -2.95907e-1, 0.00000e+0, -4.91230e+0, 0.00000e+0, 9.88045e-2, 0.00000e+0, 5.07888e+0, 0.00000e+0, 8.80287e+1, 0.00000e+0, 2.00000e+1, 2.00000e+1, 3, 1, 

