SN:3K430000012749 BD:Apr 19 2021 VC:7d9ffae MD5:34e03199e6006f2831fb02c414d62259
                     Time,      [CH4]_ppm,   [CH4]_ppm_sd,      [CO2]_ppm,   [CO2]_ppm_sd,      [H2O]_ppm,   [H2O]_ppm_sd,     [CH4]d_ppm,  [CH4]d_ppm_sd,     [CO2]d_ppm,  [CO2]d_ppm_sd,      GasP_torr,   GasP_torr_sd,         GasT_C,      GasT_C_sd,         AmbT_C,      AmbT_C_sd,         RD0_us,      RD0_us_sd,         RD1_us,      RD1_us_sd,     RD0_raw_us,         LTC0_v,      LTC0_v_sd,         LTC1_v,      LTC1_v_sd,             HZ,          HZ_sd,         Batt_v,      Batt_v_sd,        BattPer,     BattPer_sd, Temp_Status_mA,Analyzer_Status_mA,       Fit_Flag,      MIU_VALVE,       MIU_DESC
2023/07/24 19:48:16.890, 3.32085e+2, 0.00000e+0, 6.14890e+2, 0.00000e+0, 4.42968e+4, 0.00000e+0, 3.47477e+2, 0.00000e+0, 6.43391e+2, 0.00000e+0, 5.00401e+2, 0.00000e+0, 3.75444e+1, 0.00000e+0, 4.13234e+1, 0.00000e+0, 3.84816e+0, 0.00000e+0, 3.03459e+0, 0.00000e+0, 0.00000e+0, -2.94497e-1, 0.00000e+0, -4.91122e+0, 0.00000e+0, 9.88142e-2, 0.00000e+0, 4.66863e+0, 0.00000e+0, 6.36087e+1, 0.00000e+0, 2.00000e+1, 2.00000e+1, 3, 1, 
2023/07/24 19:48:27.066, 3.31761e+2, 0.00000e+0, 6.15305e+2, 0.00000e+0, 4.44304e+4, 0.00000e+0, 3.47186e+2, 0.00000e+0, 6.43915e+2, 0.00000e+0, 5.00414e+2, 0.00000e+0, 3.75609e+1, 0.00000e+0, 4.13319e+1, 0.00000e+0, 3.84806e+0, 0.00000e+0, 3.03469e+0, 0.00000e+0, 0.00000e+0, -2.94455e-1, 0.00000e+0, -4.91119e+0, 0.00000e+0, 9.82801e-2, 0.00000e+0, 4.66736e+0, 0.00000e+0, 6.35331e+1, 0.00000e+0, 2.00000e+1, 2.00000e+1, 3, 2, 
2023/07/24 19:48:37.270, 3.31270e+2, 0.00000e+0, 6.15228e+2, 0.00000e+0, 4.50187e+4, 0.00000e+0, 3.46886e+2, 0.00000e+0, 6.44230e+2, 0.00000e+0, 5.00427e+2, 0.00000e+0, 3.75793e+1, 0.00000e+0, 4.13414e+1, 0.00000e+0, 3.84824e+0, 0.00000e+0, 3.03448e+0, 0.00000e+0, 0.00000e+0, -2.94429e-1, 0.00000e+0, -4.91115e+0, 0.00000e+0, 9.80200e-2, 0.00000e+0, 4.66602e+0, 0.00000e+0, 6.34535e+1, 0.00000e+0, 2.00000e+1, 2.00000e+1, 3, 3, 
2023/07/24 19:48:47.366, 3.30825e+2, 0.00000e+0, 6.15605e+2, 0.00000e+0, 4.49954e+4, 0.00000e+0, 3.46412e+2, 0.00000e+0, 6.44609e+2, 0.00000e+0, 5.00449e+2, 0.00000e+0, 3.75990e+1, 0.00000e+0, 4.13834e+1, 0.00000e+0, 3.84778e+0, 0.00000e+0, 3.03425e+0, 0.00000e+0, 0.00000e+0, -2.94402e-1, 0.00000e+0, -4.91112e+0, 0.00000e+0, 9.90197e-2, 0.00000e+0, 4.66437e+0, 0.00000e+0, 6.33552e+1, 0.00000e+0, 2.00000e+1, 2.00000e+1, 3, 4, 
2023/07/24 19:48:57.563, 3.30654e+2, 0.00000e+0, 6.15953e+2, 0.00000e+0, 4.49541e+4, 0.00000e+0, 3.46218e+2, 0.00000e+0, 6.44946e+2, 0.00000e+0, 5.00454e+2, 0.00000e+0, 3.76202e+1, 0.00000e+0, 4.13958e+1, 0.00000e+0, 3.84715e+0, 0.00000e+0, 3.03390e+0, 0.00000e+0, 0.00000e+0, -2.94373e-1, 0.00000e+0, -4.91108e+0, 0.00000e+0, 9.81354e-2, 0.00000e+0, 4.66295e+0, 0.00000e+0, 6.32708e+1, 0.00000e+0, 2.00000e+1, 2.00000e+1, 3, 5, 
2023/07/24 19:49:07.669, 3.30349e+2, 0.00000e+0, 6.16285e+2, 0.00000e+0, 4.50132e+4, 0.00000e+0, 3.45920e+2, 0.00000e+0, 6.45334e+2, 0.00000e+0, 5.00444e+2, 0.00000e+0, 3.76368e+1, 0.00000e+0, 4.13932e+1, 0.00000e+0, 3.84702e+0, 0.00000e+0, 3.03378e+0, 0.00000e+0, 0.00000e+0, -2.94342e-1, 0.00000e+0, -4.91104e+0, 0.00000e+0, 9.89120e-2, 0.00000e+0, 4.66146e+0, 0.00000e+0, 6.31823e+1, 0.00000e+0, 2.00000e+1, 2.00000e+1, 3, 6, 
2023/07/24 19:49:17.864, 3.30140e+2, 0.00000e+0, 6.16628e+2, 0.00000e+0, 4.49787e+4, 0.00000e+0, 3.45688e+2, 0.00000e+0, 6.45669e+2, 0.00000e+0, 5.00439e+2, 0.00000e+0, 3.76586e+1, 0.00000e+0, 4.13942e+1, 0.00000e+0, 3.84661e+0, 0.00000e+0, 3.03415e+0, 0.00000e+0, 0.00000e+0, -2.94309e-1, 0.00000e+0, -4.91100e+0, 0.00000e+0, 9.81162e-2, 0.00000e+0, 4.66020e+0, 0.00000e+0, 6.31069e+1, 0.00000e+0, 2.00000e+1, 2.00000e+1, 3, 7, 
2023/07/24 19:49:27.974, 3.29871e+2, 0.00000e+0, 6.17151e+2, 0.00000e+0, 4.47763e+4, 0.00000e+0, 3.45334e+2, 0.00000e+0, 6.46080e+2, 0.00000e+0, 5.00401e+2, 0.00000e+0, 3.76806e+1, 0.00000e+0, 4.13880e+1, 0.00000e+0, 3.84744e+0, 0.00000e+0, 3.03440e+0, 0.00000e+0, 0.00000e+0, -2.94278e-1, 0.00000e+0, -4.91096e+0, 0.00000e+0, 9.89022e-2, 0.00000e+0, 4.65878e+0, 0.00000e+0, 6.30229e+1, 0.00000e+0, 2.00000e+1, 2.00000e+1, 3, 8, 
2023/07/24 19:49:38.173, 3.29638e+2, 0.00000e+0, 6.17155e+2, 0.00000e+0, 4.47751e+4, 0.00000e+0, 3.45089e+2, 0.00000e+0, 6.46083e+2, 0.00000e+0, 5.00382e+2, 0.00000e+0, 3.77001e+1, 0.00000e+0, 4.13894e+1, 0.00000e+0, 3.84688e+0, 0.00000e+0, 3.03483e+0, 0.00000e+0, 0.00000e+0, -2.94244e-1, 0.00000e+0, -4.91094e+0, 0.00000e+0, 9.80873e-2, 0.00000e+0, 4.65753e+0, 0.00000e+0, 6.29482e+1, 0.00000e+0, 2.00000e+1, 2.00000e+1, 3, 1, 
2023/07/24 19:49:48.280, 3.29412e+2, 0.00000e+0, 6.17398e+2, 0.00000e+0, 4.47638e+4, 0.00000e+0, 3.44849e+2, 0.00000e+0, 6.46330e+2, 0.00000e+0, 5.00388e+2, 0.00000e+0, 3.77186e+1, 0.00000e+0, 4.14367e+1, 0.00000e+0, 3.84610e+0, 0.00000e+0, 3.03456e+0, 0.00000e+0, 0.00000e+0, -2.94210e-1, 0.00000e+0, -4.91092e+0, 0.00000e+0, 9.88728e-2, 0.00000e+0, 4.65558e+0, 0.00000e+0, 6.28323e+1, 0.00000e+0, 2.00000e+1, 2.00000e+1, 3, 2, 
2023/07/24 19:49:58.467, 3.29063e+2, 0.00000e+0, 6.17227e+2, 0.00000e+0, 4.48239e+4, 0.00000e+0, 3.44505e+2, 0.00000e+0, 6.46192e+2, 0.00000e+0, 5.00431e+2, 0.00000e+0, 3.77398e+1, 0.00000e+0, 4.14583e+1, 0.00000e+0, 3.84592e+0, 0.00000e+0, 3.03433e+0, 0.00000e+0, 0.00000e+0, -2.94175e-1, 0.00000e+0, -4.91091e+0, 0.00000e+0, 9.81740e-2, 0.00000e+0, 4.65418e+0, 0.00000e+0, 6.27491e+1, 0.00000e+0, 2.00000e+1, 2.00000e+1, 3, 3, 
2023/07/24 19:50:08.583, 3.28653e+2, 0.00000e+0, 6.17022e+2, 0.00000e+0, 4.47623e+4, 0.00000e+0, 3.44054e+2, 0.00000e+0, 6.45936e+2, 0.00000e+0, 5.00473e+2, 0.00000e+0, 3.77590e+1, 0.00000e+0, 4.14508e+1, 0.00000e+0, 3.84618e+0, 0.00000e+0, 3.03440e+0, 0.00000e+0, 0.00000e+0, -2.94156e-1, 0.00000e+0, -4.91090e+0, 0.00000e+0, 9.88631e-2, 0.00000e+0, 4.65238e+0, 0.00000e+0, 6.26416e+1, 0.00000e+0, 2.00000e+1, 2.00000e+1, 3, 4, 
2023/07/24 19:50:18.766, 3.28417e+2, 0.00000e+0, 6.17064e+2, 0.00000e+0, 4.47640e+4, 0.00000e+0, 3.43808e+2, 0.00000e+0, 6.45980e+2, 0.00000e+0, 5.00436e+2, 0.00000e+0, 3.77818e+1, 0.00000e+0, 4.14710e+1, 0.00000e+0, 3.84525e+0, 0.00000e+0, 3.03386e+0, 0.00000e+0, 0.00000e+0, -2.94140e-1, 0.00000e+0, -4.91088e+0, 0.00000e+0, 9.82318e-2, 0.00000e+0, 4.65068e+0, 0.00000e+0, 6.25402e+1, 0.00000e+0, 2.00000e+1, 2.00000e+1, 3, 5, 
2023/07/24 19:50:28.887, 3.28214e+2, 0.00000e+0, 6.16945e+2, 0.00000e+0, 4.47046e+4, 0.00000e+0, 3.43573e+2, 0.00000e+0, 6.45816e+2, 0.00000e+0, 5.00410e+2, 0.00000e+0, 3.78045e+1, 0.00000e+0, 4.15008e+1, 0.00000e+0, 3.84483e+0, 0.00000e+0, 3.03432e+0, 0.00000e+0, 0.00000e+0, -2.94123e-1, 0.00000e+0, -4.91087e+0, 0.00000e+0, 9.87849e-2, 0.00000e+0, 4.64894e+0, 0.00000e+0, 6.24367e+1, 0.00000e+0, 2.00000e+1, 2.00000e+1, 3, 6, 
2023/07/24 19:50:39.073, 3.28011e+2, 0.00000e+0, 6.16750e+2, 0.00000e+0, 4.47840e+4, 0.00000e+0, 3.43389e+2, 0.00000e+0, 6.45666e+2, 0.00000e+0, 5.00360e+2, 0.00000e+0, 3.78251e+1, 0.00000e+0, 4.15202e+1, 0.00000e+0, 3.84431e+0, 0.00000e+0, 3.03414e+0, 0.00000e+0, 0.00000e+0, -2.94106e-1, 0.00000e+0, -4.91087e+0, 0.00000e+0, 9.81836e-2, 0.00000e+0, 4.64779e+0, 0.00000e+0, 6.23682e+1, 0.00000e+0, 2.00000e+1, 2.00000e+1, 3, 7, 
2023/07/24 19:50:49.191, 3.27822e+2, 0.00000e+0, 6.16718e+2, 0.00000e+0, 4.49050e+4, 0.00000e+0, 3.43235e+2, 0.00000e+0, 6.45714e+2, 0.00000e+0, 5.00326e+2, 0.00000e+0, 3.78476e+1, 0.00000e+0, 4.15761e+1, 0.00000e+0, 3.84372e+0, 0.00000e+0, 3.03388e+0, 0.00000e+0, 0.00000e+0, -2.94088e-1, 0.00000e+0, -4.91087e+0, 0.00000e+0, 9.88533e-2, 0.00000e+0, 4.64658e+0, 0.00000e+0, 6.22963e+1, 0.00000e+0, 2.00000e+1, 2.00000e+1, 3, 8, 
2023/07/24 19:50:59.369, 3.27573e+2, 0.00000e+0, 6.17129e+2, 0.00000e+0, 4.37777e+4, 0.00000e+0, 3.42570e+2, 0.00000e+0, 6.45383e+2, 0.00000e+0, 5.00360e+2, 0.00000e+0, 3.78705e+1, 0.00000e+0, 4.16323e+1, 0.00000e+0, 3.84384e+0, 0.00000e+0, 3.03402e+0, 0.00000e+0, 0.00000e+0, -2.94070e-1, 0.00000e+0, -4.91087e+0, 0.00000e+0, 9.82415e-2, 0.00000e+0, 4.64584e+0, 0.00000e+0, 6.22526e+1, 0.00000e+0, 2.00000e+1, 2.00000e+1, 3, 1, 
2023/07/24 19:51:09.566, 3.27242e+2, 0.00000e+0, 6.17252e+2, 0.00000e+0, 4.37789e+4, 0.00000e+0, 3.42224e+2, 0.00000e+0, 6.45512e+2, 0.00000e+0, 5.00405e+2, 0.00000e+0, 3.78905e+1, 0.00000e+0, 4.16542e+1, 0.00000e+0, 3.84343e+0, 0.00000e+0, 3.03428e+0, 0.00000e+0, 0.00000e+0, -2.94051e-1, 0.00000e+0, -4.91086e+0, 0.00000e+0, 9.80681e-2, 0.00000e+0, 4.64484e+0, 0.00000e+0, 6.21929e+1, 0.00000e+0, 2.00000e+1, 2.00000e+1, 3, 2, 
2023/07/24 19:51:19.665, 3.26797e+2, 0.00000e+0, 6.16876e+2, 0.00000e+0, 4.38540e+4, 0.00000e+0, 3.41785e+2, 0.00000e+0, 6.45169e+2, 0.00000e+0, 5.00450e+2, 0.00000e+0, 3.79141e+1, 0.00000e+0, 4.16854e+1, 0.00000e+0, 3.84304e+0, 0.00000e+0, 3.03438e+0, 0.00000e+0, 0.00000e+0, -2.94029e-1, 0.00000e+0, -4.91085e+0, 0.00000e+0, 9.90589e-2, 0.00000e+0, 4.64363e+0, 0.00000e+0, 6.21211e+1, 0.00000e+0, 2.00000e+1, 2.00000e+1, 3, 3, 
2023/07/24 19:51:29.865, 3.26280e+2, 0.00000e+0, 6.15350e+2, 0.00000e+0, 4.44749e+4, 0.00000e+0, 3.41466e+2, 0.00000e+0, 6.43991e+2, 0.00000e+0, 5.00433e+2, 0.00000e+0, 3.79355e+1, 0.00000e+0, 4.17120e+1, 0.00000e+0, 3.84138e+0, 0.00000e+0, 3.03420e+0, 0.00000e+0, 0.00000e+0, -2.94005e-1, 0.00000e+0, -4.91084e+0, 0.00000e+0, 9.80008e-2, 0.00000e+0, 4.64221e+0, 0.00000e+0, 6.20365e+1, 0.00000e+0, 2.00000e+1, 2.00000e+1, 3, 4, 
2023/07/24 19:51:39.967, 3.25725e+2, 0.00000e+0, 6.13658e+2, 0.00000e+0, 4.52651e+4, 0.00000e+0, 3.41168e+2, 0.00000e+0, 6.42752e+2, 0.00000e+0, 5.00408e+2, 0.00000e+0, 3.79576e+1, 0.00000e+0, 4.17360e+1, 0.00000e+0, 3.83939e+0, 0.00000e+0, 3.03413e+0, 0.00000e+0, 0.00000e+0, -2.93981e-1, 0.00000e+0, -4.91083e+0, 0.00000e+0, 9.90295e-2, 0.00000e+0, 4.64072e+0, 0.00000e+0, 6.19478e+1, 0.00000e+0, 2.00000e+1, 2.00000e+1, 3, 5, 
2023/07/24 19:51:50.167, 3.25552e+2, 0.00000e+0, 6.14242e+2, 0.00000e+0, 4.51965e+4, 0.00000e+0, 3.40962e+2, 0.00000e+0, 6.43318e+2, 0.00000e+0, 5.00375e+2, 0.00000e+0, 3.79841e+1, 0.00000e+0, 4.17764e+1, 0.00000e+0, 3.83949e+0, 0.00000e+0, 3.03390e+0, 0.00000e+0, 0.00000e+0, -2.93955e-1, 0.00000e+0, -4.91081e+0, 0.00000e+0, 9.80681e-2, 0.00000e+0, 4.63943e+0, 0.00000e+0, 6.18709e+1, 0.00000e+0, 2.00000e+1, 2.00000e+1, 3, 6, 
2023/07/24 19:52:00.269, 3.25443e+2, 0.00000e+0, 6.14509e+2, 0.00000e+0, 4.52558e+4, 0.00000e+0, 3.40869e+2, 0.00000e+0, 6.43637e+2, 0.00000e+0, 5.00335e+2, 0.00000e+0, 3.80088e+1, 0.00000e+0, 4.18210e+1, 0.00000e+0, 3.83943e+0, 0.00000e+0, 3.03412e+0, 0.00000e+0, 0.00000e+0, -2.93930e-1, 0.00000e+0, -4.91080e+0, 0.00000e+0, 9.89315e-2, 0.00000e+0, 4.63797e+0, 0.00000e+0, 6.17841e+1, 0.00000e+0, 2.00000e+1, 2.00000e+1, 3, 7, 
2023/07/24 19:52:10.459, 3.25321e+2, 0.00000e+0, 6.14666e+2, 0.00000e+0, 4.52796e+4, 0.00000e+0, 3.40750e+2, 0.00000e+0, 6.43818e+2, 0.00000e+0, 5.00328e+2, 0.00000e+0, 3.80305e+1, 0.00000e+0, 4.18443e+1, 0.00000e+0, 3.83965e+0, 0.00000e+0, 3.03390e+0, 0.00000e+0, 0.00000e+0, -2.93902e-1, 0.00000e+0, -4.91078e+0, 0.00000e+0, 9.82029e-2, 0.00000e+0, 4.63647e+0, 0.00000e+0, 6.16949e+1, 0.00000e+0, 2.00000e+1, 2.00000e+1, 3, 8, 
2023/07/24 19:52:20.574, 3.25010e+2, 0.00000e+0, 6.15036e+2, 0.00000e+0, 4.52259e+4, 0.00000e+0, 3.40405e+2, 0.00000e+0, 6.44170e+2, 0.00000e+0, 5.00381e+2, 0.00000e+0, 3.80533e+1, 0.00000e+0, 4.18589e+1, 0.00000e+0, 3.83978e+0, 0.00000e+0, 3.03400e+0, 0.00000e+0, 0.00000e+0, -2.93871e-1, 0.00000e+0, -4.91076e+0, 0.00000e+0, 9.87264e-2, 0.00000e+0, 4.63508e+0, 0.00000e+0, 6.16117e+1, 0.00000e+0, 2.00000e+1, 2.00000e+1, 3, 1, 
2023/07/24 19:52:30.765, 3.24398e+2, 0.00000e+0, 6.15182e+2, 0.00000e+0, 4.50234e+4, 0.00000e+0, 3.39692e+2, 0.00000e+0, 6.44186e+2, 0.00000e+0, 5.00403e+2, 0.00000e+0, 3.80744e+1, 0.00000e+0, 4.18801e+1, 0.00000e+0, 3.84012e+0, 0.00000e+0, 3.03459e+0, 0.00000e+0, 0.00000e+0, -2.93857e-1, 0.00000e+0, -4.91074e+0, 0.00000e+0, 9.82801e-2, 0.00000e+0, 4.63386e+0, 0.00000e+0, 6.15394e+1, 0.00000e+0, 2.00000e+1, 2.00000e+1, 3, 2, 
2023/07/24 19:52:40.877, 3.24143e+2, 0.00000e+0, 6.15387e+2, 0.00000e+0, 4.50675e+4, 0.00000e+0, 3.39440e+2, 0.00000e+0, 6.44430e+2, 0.00000e+0, 5.00418e+2, 0.00000e+0, 3.80937e+1, 0.00000e+0, 4.18908e+1, 0.00000e+0, 3.83955e+0, 0.00000e+0, 3.03454e+0, 0.00000e+0, 0.00000e+0, -2.93842e-1, 0.00000e+0, -4.91072e+0, 0.00000e+0, 9.88045e-2, 0.00000e+0, 4.63247e+0, 0.00000e+0, 6.14565e+1, 0.00000e+0, 2.00000e+1, 2.00000e+1, 3, 3, 
2023/07/24 19:52:51.064, 3.23848e+2, 0.00000e+0, 6.15082e+2, 0.00000e+0, 4.51732e+4, 0.00000e+0, 3.39169e+2, 0.00000e+0, 6.44182e+2, 0.00000e+0, 5.00404e+2, 0.00000e+0, 3.81138e+1, 0.00000e+0, 4.18999e+1, 0.00000e+0, 3.83935e+0, 0.00000e+0, 3.03434e+0, 0.00000e+0, 0.00000e+0, -2.93826e-1, 0.00000e+0, -4.91070e+0, 0.00000e+0, 9.82029e-2, 0.00000e+0, 4.63139e+0, 0.00000e+0, 6.13925e+1, 0.00000e+0, 2.00000e+1, 2.00000e+1, 3, 4, 
2023/07/24 19:53:01.183, 3.23663e+2, 0.00000e+0, 6.15404e+2, 0.00000e+0, 4.51054e+4, 0.00000e+0, 3.38951e+2, 0.00000e+0, 6.44473e+2, 0.00000e+0, 5.00390e+2, 0.00000e+0, 3.81385e+1, 0.00000e+0, 4.19423e+1, 0.00000e+0, 3.83871e+0, 0.00000e+0, 3.03424e+0, 0.00000e+0, 0.00000e+0, -2.93810e-1, 0.00000e+0, -4.91070e+0, 0.00000e+0, 9.88338e-2, 0.00000e+0, 4.63002e+0, 0.00000e+0, 6.13105e+1, 0.00000e+0, 2.00000e+1, 2.00000e+1, 3, 5, 
2023/07/24 19:53:11.367, 3.23479e+2, 0.00000e+0, 6.15573e+2, 0.00000e+0, 4.50628e+4, 0.00000e+0, 3.38743e+2, 0.00000e+0, 6.44622e+2, 0.00000e+0, 5.00345e+2, 0.00000e+0, 3.81624e+1, 0.00000e+0, 4.19794e+1, 0.00000e+0, 3.83832e+0, 0.00000e+0, 3.03429e+0, 0.00000e+0, 0.00000e+0, -2.93794e-1, 0.00000e+0, -4.91070e+0, 0.00000e+0, 9.82318e-2, 0.00000e+0, 4.62873e+0, 0.00000e+0, 6.12339e+1, 0.00000e+0, 2.00000e+1, 2.00000e+1, 3, 6, 
2023/07/24 19:53:21.564, 3.23241e+2, 0.00000e+0, 6.15321e+2, 0.00000e+0, 4.51845e+4, 0.00000e+0, 3.38538e+2, 0.00000e+0, 6.44439e+2, 0.00000e+0, 5.00340e+2, 0.00000e+0, 3.81879e+1, 0.00000e+0, 4.20243e+1, 0.00000e+0, 3.83778e+0, 0.00000e+0, 3.03439e+0, 0.00000e+0, 0.00000e+0, -2.93776e-1, 0.00000e+0, -4.91070e+0, 0.00000e+0, 9.80777e-2, 0.00000e+0, 4.62744e+0, 0.00000e+0, 6.11572e+1, 0.00000e+0, 2.00000e+1, 2.00000e+1, 3, 7, 
2023/07/24 19:53:31.665, 3.22965e+2, 0.00000e+0, 6.15546e+2, 0.00000e+0, 4.51291e+4, 0.00000e+0, 3.38229e+2, 0.00000e+0, 6.44638e+2, 0.00000e+0, 5.00362e+2, 0.00000e+0, 3.82122e+1, 0.00000e+0, 4.20558e+1, 0.00000e+0, 3.83752e+0, 0.00000e+0, 3.03439e+0, 0.00000e+0, 0.00000e+0, -2.93757e-1, 0.00000e+0, -4.91070e+0, 0.00000e+0, 9.89609e-2, 0.00000e+0, 4.62613e+0, 0.00000e+0, 6.10794e+1, 0.00000e+0, 2.00000e+1, 2.00000e+1, 3, 8, 
2023/07/24 19:53:41.863, 3.22792e+2, 0.00000e+0, 6.15831e+2, 0.00000e+0, 4.51181e+4, 0.00000e+0, 3.38044e+2, 0.00000e+0, 6.44929e+2, 0.00000e+0, 5.00380e+2, 0.00000e+0, 3.82356e+1, 0.00000e+0, 4.20774e+1, 0.00000e+0, 3.83718e+0, 0.00000e+0, 3.03469e+0, 0.00000e+0, 0.00000e+0, -2.93736e-1, 0.00000e+0, -4.91070e+0, 0.00000e+0, 9.81162e-2, 0.00000e+0, 4.62481e+0, 0.00000e+0, 6.10009e+1, 0.00000e+0, 2.00000e+1, 2.00000e+1, 3, 1, 
2023/07/24 19:53:51.965, 3.22574e+2, 0.00000e+0, 6.16352e+2, 0.00000e+0, 4.49306e+4, 0.00000e+0, 3.37749e+2, 0.00000e+0, 6.45348e+2, 0.00000e+0, 5.00404e+2, 0.00000e+0, 3.82584e+1, 0.00000e+0, 4.21065e+1, 0.00000e+0, 3.83720e+0, 0.00000e+0, 3.03457e+0, 0.00000e+0, 0.00000e+0, -2.93714e-1, 0.00000e+0, -4.91069e+0, 0.00000e+0, 9.89707e-2, 0.00000e+0, 4.62356e+0, 0.00000e+0, 6.09262e+1, 0.00000e+0, 2.00000e+1, 2.00000e+1, 3, 2, 
2023/07/24 19:54:02.159, 3.22422e+2, 0.00000e+0, 6.16762e+2, 0.00000e+0, 4.47597e+4, 0.00000e+0, 3.37530e+2, 0.00000e+0, 6.45661e+2, 0.00000e+0, 5.00401e+2, 0.00000e+0, 3.82811e+1, 0.00000e+0, 4.21158e+1, 0.00000e+0, 3.83688e+0, 0.00000e+0, 3.03475e+0, 0.00000e+0, 0.00000e+0, -2.93691e-1, 0.00000e+0, -4.91068e+0, 0.00000e+0, 9.80873e-2, 0.00000e+0, 4.62225e+0, 0.00000e+0, 6.08484e+1, 0.00000e+0, 2.00000e+1, 2.00000e+1, 3, 3, 
2023/07/24 19:54:12.268, 3.22114e+2, 0.00000e+0, 6.17136e+2, 0.00000e+0, 4.53047e+4, 0.00000e+0, 3.37400e+2, 0.00000e+0, 6.46421e+2, 0.00000e+0, 5.00368e+2, 0.00000e+0, 3.83037e+1, 0.00000e+0, 4.21467e+1, 0.00000e+0, 3.83659e+0, 0.00000e+0, 3.03452e+0, 0.00000e+0, 0.00000e+0, -2.93666e-1, 0.00000e+0, -4.91066e+0, 0.00000e+0, 9.89413e-2, 0.00000e+0, 4.62094e+0, 0.00000e+0, 6.07703e+1, 0.00000e+0, 2.00000e+1, 2.00000e+1, 3, 4, 
2023/07/24 19:54:22.467, 3.22035e+2, 0.00000e+0, 6.17320e+2, 0.00000e+0, 4.51858e+4, 0.00000e+0, 3.37275e+2, 0.00000e+0, 6.46535e+2, 0.00000e+0, 5.00333e+2, 0.00000e+0, 3.83281e+1, 0.00000e+0, 4.21820e+1, 0.00000e+0, 3.83642e+0, 0.00000e+0, 3.03457e+0, 0.00000e+0, 0.00000e+0, -2.93640e-1, 0.00000e+0, -4.91065e+0, 0.00000e+0, 9.80873e-2, 0.00000e+0, 4.61968e+0, 0.00000e+0, 6.06951e+1, 0.00000e+0, 2.00000e+1, 2.00000e+1, 3, 5, 
2023/07/24 19:54:32.570, 3.21815e+2, 0.00000e+0, 6.17170e+2, 0.00000e+0, 4.51792e+4, 0.00000e+0, 3.37043e+2, 0.00000e+0, 6.46373e+2, 0.00000e+0, 5.00307e+2, 0.00000e+0, 3.83493e+1, 0.00000e+0, 4.21795e+1, 0.00000e+0, 3.83658e+0, 0.00000e+0, 3.03492e+0, 0.00000e+0, 0.00000e+0, -2.93614e-1, 0.00000e+0, -4.91063e+0, 0.00000e+0, 9.89707e-2, 0.00000e+0, 4.61839e+0, 0.00000e+0, 6.06184e+1, 0.00000e+0, 2.00000e+1, 2.00000e+1, 3, 6, 
2023/07/24 19:54:42.763, 3.21388e+2, 0.00000e+0, 6.16378e+2, 0.00000e+0, 4.55796e+4, 0.00000e+0, 3.36737e+2, 0.00000e+0, 6.45814e+2, 0.00000e+0, 5.00353e+2, 0.00000e+0, 3.83666e+1, 0.00000e+0, 4.22038e+1, 0.00000e+0, 3.83610e+0, 0.00000e+0, 3.03479e+0, 0.00000e+0, 0.00000e+0, -2.93586e-1, 0.00000e+0, -4.91062e+0, 0.00000e+0, 9.80777e-2, 0.00000e+0, 4.61693e+0, 0.00000e+0, 6.05313e+1, 0.00000e+0, 2.00000e+1, 2.00000e+1, 3, 7, 
2023/07/24 19:54:52.876, 3.21202e+2, 0.00000e+0, 6.16364e+2, 0.00000e+0, 4.56392e+4, 0.00000e+0, 3.36562e+2, 0.00000e+0, 6.45839e+2, 0.00000e+0, 5.00389e+2, 0.00000e+0, 3.83912e+1, 0.00000e+0, 4.22113e+1, 0.00000e+0, 3.83544e+0, 0.00000e+0, 3.03478e+0, 0.00000e+0, 0.00000e+0, -2.93555e-1, 0.00000e+0, -4.91060e+0, 0.00000e+0, 9.88435e-2, 0.00000e+0, 4.61518e+0, 0.00000e+0, 6.04274e+1, 0.00000e+0, 2.00000e+1, 2.00000e+1, 3, 8, 
2023/07/24 19:55:03.065, 3.20862e+2, 0.00000e+0, 6.16608e+2, 0.00000e+0, 4.55143e+4, 0.00000e+0, 3.36162e+2, 0.00000e+0, 6.46011e+2, 0.00000e+0, 5.00398e+2, 0.00000e+0, 3.84153e+1, 0.00000e+0, 4.22187e+1, 0.00000e+0, 3.83579e+0, 0.00000e+0, 3.03444e+0, 0.00000e+0, 0.00000e+0, -2.93540e-1, 0.00000e+0, -4.91059e+0, 0.00000e+0, 9.82318e-2, 0.00000e+0, 4.61361e+0, 0.00000e+0, 6.03339e+1, 0.00000e+0, 2.00000e+1, 2.00000e+1, 3, 1, 
2023/07/24 19:55:13.178, 3.20182e+2, 0.00000e+0, 6.14652e+2, 0.00000e+0, 4.56416e+4, 0.00000e+0, 3.35494e+2, 0.00000e+0, 6.44048e+2, 0.00000e+0, 5.00374e+2, 0.00000e+0, 3.84375e+1, 0.00000e+0, 4.22606e+1, 0.00000e+0, 3.83434e+0, 0.00000e+0, 3.03437e+0, 0.00000e+0, 0.00000e+0, -2.93526e-1, 0.00000e+0, -4.91057e+0, 0.00000e+0, 9.88240e-2, 0.00000e+0, 4.61194e+0, 0.00000e+0, 6.02345e+1, 0.00000e+0, 2.00000e+1, 2.00000e+1, 3, 2, 
2023/07/24 19:55:23.366, 3.19901e+2, 0.00000e+0, 6.14309e+2, 0.00000e+0, 4.58126e+4, 0.00000e+0, 3.35260e+2, 0.00000e+0, 6.43804e+2, 0.00000e+0, 5.00351e+2, 0.00000e+0, 3.84565e+1, 0.00000e+0, 4.22602e+1, 0.00000e+0, 3.83392e+0, 0.00000e+0, 3.03472e+0, 0.00000e+0, 0.00000e+0, -2.93509e-1, 0.00000e+0, -4.91056e+0, 0.00000e+0, 9.82125e-2, 0.00000e+0, 4.61071e+0, 0.00000e+0, 6.01612e+1, 0.00000e+0, 2.00000e+1, 2.00000e+1, 3, 3, 
2023/07/24 19:55:33.483, 3.19365e+2, 0.00000e+0, 6.12866e+2, 0.00000e+0, 4.65218e+4, 0.00000e+0, 3.34947e+2, 0.00000e+0, 6.42769e+2, 0.00000e+0, 5.00319e+2, 0.00000e+0, 3.84821e+1, 0.00000e+0, 4.22888e+1, 0.00000e+0, 3.83270e+0, 0.00000e+0, 3.03456e+0, 0.00000e+0, 0.00000e+0, -2.93493e-1, 0.00000e+0, -4.91055e+0, 0.00000e+0, 9.87654e-2, 0.00000e+0, 4.60969e+0, 0.00000e+0, 6.01008e+1, 0.00000e+0, 2.00000e+1, 2.00000e+1, 3, 4, 
2023/07/24 19:55:43.664, 3.19491e+2, 0.00000e+0, 6.14563e+2, 0.00000e+0, 4.67437e+4, 0.00000e+0, 3.35157e+2, 0.00000e+0, 6.44698e+2, 0.00000e+0, 5.00289e+2, 0.00000e+0, 3.85075e+1, 0.00000e+0, 4.23272e+1, 0.00000e+0, 3.83300e+0, 0.00000e+0, 3.03450e+0, 0.00000e+0, 0.00000e+0, -2.93478e-1, 0.00000e+0, -4.91054e+0, 0.00000e+0, 9.82318e-2, 0.00000e+0, 4.60884e+0, 0.00000e+0, 6.00500e+1, 0.00000e+0, 2.00000e+1, 2.00000e+1, 3, 5, 
2023/07/24 19:55:53.789, 3.19289e+2, 0.00000e+0, 6.15458e+2, 0.00000e+0, 4.65975e+4, 0.00000e+0, 3.34894e+2, 0.00000e+0, 6.45539e+2, 0.00000e+0, 5.00320e+2, 0.00000e+0, 3.85313e+1, 0.00000e+0, 4.23376e+1, 0.00000e+0, 3.83325e+0, 0.00000e+0, 3.03454e+0, 0.00000e+0, 0.00000e+0, -2.93462e-1, 0.00000e+0, -4.91053e+0, 0.00000e+0, 9.87557e-2, 0.00000e+0, 4.60777e+0, 0.00000e+0, 5.99865e+1, 0.00000e+0, 2.00000e+1, 2.00000e+1, 3, 6, 
2023/07/24 19:56:03.967, 3.18983e+2, 0.00000e+0, 6.15728e+2, 0.00000e+0, 4.66457e+4, 0.00000e+0, 3.34590e+2, 0.00000e+0, 6.45854e+2, 0.00000e+0, 5.00355e+2, 0.00000e+0, 3.85550e+1, 0.00000e+0, 4.23794e+1, 0.00000e+0, 3.83300e+0, 0.00000e+0, 3.03443e+0, 0.00000e+0, 0.00000e+0, -2.93447e-1, 0.00000e+0, -4.91051e+0, 0.00000e+0, 9.82801e-2, 0.00000e+0, 4.60682e+0, 0.00000e+0, 5.99300e+1, 0.00000e+0, 2.00000e+1, 2.00000e+1, 3, 7, 
2023/07/24 19:56:14.163, 3.18843e+2, 0.00000e+0, 6.16081e+2, 0.00000e+0, 4.66761e+4, 0.00000e+0, 3.34454e+2, 0.00000e+0, 6.46245e+2, 0.00000e+0, 5.00370e+2, 0.00000e+0, 3.85766e+1, 0.00000e+0, 4.24180e+1, 0.00000e+0, 3.83240e+0, 0.00000e+0, 3.03445e+0, 0.00000e+0, 0.00000e+0, -2.93431e-1, 0.00000e+0, -4.91050e+0, 0.00000e+0, 9.80681e-2, 0.00000e+0, 4.60540e+0, 0.00000e+0, 5.98454e+1, 0.00000e+0, 2.00000e+1, 2.00000e+1, 3, 8, 
2023/07/24 19:56:24.265, 3.18677e+2, 0.00000e+0, 6.16464e+2, 0.00000e+0, 4.66352e+4, 0.00000e+0, 3.34265e+2, 0.00000e+0, 6.46619e+2, 0.00000e+0, 5.00389e+2, 0.00000e+0, 3.85991e+1, 0.00000e+0, 4.24671e+1, 0.00000e+0, 3.83212e+0, 0.00000e+0, 3.03415e+0, 0.00000e+0, 0.00000e+0, -2.93412e-1, 0.00000e+0, -4.91048e+0, 0.00000e+0, 9.90393e-2, 0.00000e+0, 4.60424e+0, 0.00000e+0, 5.97760e+1, 0.00000e+0, 2.00000e+1, 2.00000e+1, 3, 1, 
2023/07/24 19:56:34.459, 3.18432e+2, 0.00000e+0, 6.16503e+2, 0.00000e+0, 4.67216e+4, 0.00000e+0, 3.34039e+2, 0.00000e+0, 6.46719e+2, 0.00000e+0, 5.00353e+2, 0.00000e+0, 3.86237e+1, 0.00000e+0, 4.25048e+1, 0.00000e+0, 3.83194e+0, 0.00000e+0, 3.03411e+0, 0.00000e+0, 0.00000e+0, -2.93393e-1, 0.00000e+0, -4.91046e+0, 0.00000e+0, 9.81354e-2, 0.00000e+0, 4.60301e+0, 0.00000e+0, 5.97031e+1, 0.00000e+0, 2.00000e+1, 2.00000e+1, 3, 2, 
2023/07/24 19:56:44.565, 3.18245e+2, 0.00000e+0, 6.16680e+2, 0.00000e+0, 4.67470e+4, 0.00000e+0, 3.33852e+2, 0.00000e+0, 6.46922e+2, 0.00000e+0, 5.00294e+2, 0.00000e+0, 3.86459e+1, 0.00000e+0, 4.25469e+1, 0.00000e+0, 3.83171e+0, 0.00000e+0, 3.03446e+0, 0.00000e+0, 0.00000e+0, -2.93373e-1, 0.00000e+0, -4.91044e+0, 0.00000e+0, 9.89511e-2, 0.00000e+0, 4.60181e+0, 0.00000e+0, 5.96318e+1, 0.00000e+0, 2.00000e+1, 2.00000e+1, 3, 3, 
2023/07/24 19:56:54.762, 3.18090e+2, 0.00000e+0, 6.17320e+2, 0.00000e+0, 4.66498e+4, 0.00000e+0, 3.33655e+2, 0.00000e+0, 6.47527e+2, 0.00000e+0, 5.00275e+2, 0.00000e+0, 3.86700e+1, 0.00000e+0, 4.25811e+1, 0.00000e+0, 3.83164e+0, 0.00000e+0, 3.03478e+0, 0.00000e+0, 0.00000e+0, -2.93352e-1, 0.00000e+0, -4.91042e+0, 0.00000e+0, 9.80873e-2, 0.00000e+0, 4.60052e+0, 0.00000e+0, 5.95547e+1, 0.00000e+0, 2.00000e+1, 2.00000e+1, 3, 4, 
2023/07/24 19:57:04.865, 3.17755e+2, 0.00000e+0, 6.17329e+2, 0.00000e+0, 4.67233e+4, 0.00000e+0, 3.33329e+2, 0.00000e+0, 6.47587e+2, 0.00000e+0, 5.00303e+2, 0.00000e+0, 3.86926e+1, 0.00000e+0, 4.26102e+1, 0.00000e+0, 3.83190e+0, 0.00000e+0, 3.03480e+0, 0.00000e+0, 0.00000e+0, -2.93329e-1, 0.00000e+0, -4.91039e+0, 0.00000e+0, 9.89511e-2, 0.00000e+0, 4.59931e+0, 0.00000e+0, 5.94827e+1, 0.00000e+0, 2.00000e+1, 2.00000e+1, 3, 5, 
2023/07/24 19:57:15.065, 3.17427e+2, 0.00000e+0, 6.17556e+2, 0.00000e+0, 4.67668e+4, 0.00000e+0, 3.33001e+2, 0.00000e+0, 6.47854e+2, 0.00000e+0, 5.00354e+2, 0.00000e+0, 3.87131e+1, 0.00000e+0, 4.26247e+1, 0.00000e+0, 3.83151e+0, 0.00000e+0, 3.03460e+0, 0.00000e+0, 0.00000e+0, -2.93306e-1, 0.00000e+0, -4.91039e+0, 0.00000e+0, 9.80488e-2, 0.00000e+0, 4.59809e+0, 0.00000e+0, 5.94102e+1, 0.00000e+0, 2.00000e+1, 2.00000e+1, 3, 6, 
2023/07/24 19:57:25.171, 3.17207e+2, 0.00000e+0, 6.17785e+2, 0.00000e+0, 4.66468e+4, 0.00000e+0, 3.32728e+2, 0.00000e+0, 6.48012e+2, 0.00000e+0, 5.00354e+2, 0.00000e+0, 3.87363e+1, 0.00000e+0, 4.26467e+1, 0.00000e+0, 3.83132e+0, 0.00000e+0, 3.03518e+0, 0.00000e+0, 0.00000e+0, -2.93279e-1, 0.00000e+0, -4.91038e+0, 0.00000e+0, 9.89315e-2, 0.00000e+0, 4.59674e+0, 0.00000e+0, 5.93299e+1, 0.00000e+0, 2.00000e+1, 2.00000e+1, 3, 7, 
2023/07/24 19:57:35.364, 3.16952e+2, 0.00000e+0, 6.17623e+2, 0.00000e+0, 4.67791e+4, 0.00000e+0, 3.32507e+2, 0.00000e+0, 6.47933e+2, 0.00000e+0, 5.00357e+2, 0.00000e+0, 3.87531e+1, 0.00000e+0, 4.26685e+1, 0.00000e+0, 3.83091e+0, 0.00000e+0, 3.03452e+0, 0.00000e+0, 0.00000e+0, -2.93251e-1, 0.00000e+0, -4.91037e+0, 0.00000e+0, 9.81258e-2, 0.00000e+0, 4.59556e+0, 0.00000e+0, 5.92597e+1, 0.00000e+0, 2.00000e+1, 2.00000e+1, 3, 8, 
2023/07/24 19:57:45.473, 3.16406e+2, 0.00000e+0, 6.17256e+2, 0.00000e+0, 4.68391e+4, 0.00000e+0, 3.31955e+2, 0.00000e+0, 6.47588e+2, 0.00000e+0, 5.00349e+2, 0.00000e+0, 3.87734e+1, 0.00000e+0, 4.26743e+1, 0.00000e+0, 3.83108e+0, 0.00000e+0, 3.03456e+0, 0.00000e+0, 0.00000e+0, -2.93238e-1, 0.00000e+0, -4.91036e+0, 0.00000e+0, 9.89218e-2, 0.00000e+0, 4.59439e+0, 0.00000e+0, 5.91900e+1, 0.00000e+0, 2.00000e+1, 2.00000e+1, 3, 1, 
2023/07/24 19:57:55.666, 3.16128e+2, 0.00000e+0, 6.16962e+2, 0.00000e+0, 4.69210e+4, 0.00000e+0, 3.31692e+2, 0.00000e+0, 6.47336e+2, 0.00000e+0, 5.00312e+2, 0.00000e+0, 3.87956e+1, 0.00000e+0, 4.26780e+1, 0.00000e+0, 3.83023e+0, 0.00000e+0, 3.03481e+0, 0.00000e+0, 0.00000e+0, -2.93223e-1, 0.00000e+0, -4.91035e+0, 0.00000e+0, 9.81065e-2, 0.00000e+0, 4.59309e+0, 0.00000e+0, 5.91126e+1, 0.00000e+0, 2.00000e+1, 2.00000e+1, 3, 2, 
2023/07/24 19:58:05.779, 3.15824e+2, 0.00000e+0, 6.16902e+2, 0.00000e+0, 4.69096e+4, 0.00000e+0, 3.31368e+2, 0.00000e+0, 6.47265e+2, 0.00000e+0, 5.00304e+2, 0.00000e+0, 3.88208e+1, 0.00000e+0, 4.26747e+1, 0.00000e+0, 3.83023e+0, 0.00000e+0, 3.03494e+0, 0.00000e+0, 0.00000e+0, -2.93210e-1, 0.00000e+0, -4.91033e+0, 0.00000e+0, 9.88240e-2, 0.00000e+0, 4.59194e+0, 0.00000e+0, 5.90440e+1, 0.00000e+0, 2.00000e+1, 2.00000e+1, 3, 3, 

