SN:3K430000012749 BD:Apr 19 2021 VC:7d9ffae MD5:34e03199e6006f2831fb02c414d62259
                     Time,      [CH4]_ppm,   [CH4]_ppm_sd,      [CO2]_ppm,   [CO2]_ppm_sd,      [H2O]_ppm,   [H2O]_ppm_sd,     [CH4]d_ppm,  [CH4]d_ppm_sd,     [CO2]d_ppm,  [CO2]d_ppm_sd,      GasP_torr,   GasP_torr_sd,         GasT_C,      GasT_C_sd,         AmbT_C,      AmbT_C_sd,         RD0_us,      RD0_us_sd,         RD1_us,      RD1_us_sd,     RD0_raw_us,         LTC0_v,      LTC0_v_sd,         LTC1_v,      LTC1_v_sd,             HZ,          HZ_sd,         Batt_v,      Batt_v_sd,        BattPer,     BattPer_sd, Temp_Status_mA,Analyzer_Status_mA,       Fit_Flag,      MIU_VALVE,       MIU_DESC
2023/07/24 23:00:29.762, 1.50485e+1, 0.00000e+0, 4.24385e+2, 0.00000e+0, 5.43357e+4, 0.00000e+0, 1.59131e+1, 0.00000e+0, 4.48769e+2, 0.00000e+0, 5.00235e+2, 0.00000e+0, 3.86413e+1, 0.00000e+0, 4.09799e+1, 0.00000e+0, 3.39282e+0, 0.00000e+0, 3.03529e+0, 0.00000e+0, 0.00000e+0, -2.97421e-1, 0.00000e+0, -4.91132e+0, 0.00000e+0, 9.82125e-2, 0.00000e+0, 4.33931e+0, 0.00000e+0, 4.40064e+1, 0.00000e+0, 2.00000e+1, 2.00000e+1, 3, 5, 
2023/07/24 23:00:39.880, 1.47975e+1, 0.00000e+0, 4.23536e+2, 0.00000e+0, 5.41085e+4, 0.00000e+0, 1.56439e+1, 0.00000e+0, 4.47764e+2, 0.00000e+0, 5.00226e+2, 0.00000e+0, 3.86404e+1, 0.00000e+0, 4.10028e+1, 0.00000e+0, 3.39249e+0, 0.00000e+0, 3.03533e+0, 0.00000e+0, 0.00000e+0, -2.97439e-1, 0.00000e+0, -4.91132e+0, 0.00000e+0, 9.87752e-2, 0.00000e+0, 4.33733e+0, 0.00000e+0, 4.38885e+1, 0.00000e+0, 2.00000e+1, 2.00000e+1, 3, 6, 
2023/07/24 23:00:50.057, 1.45405e+1, 0.00000e+0, 4.22847e+2, 0.00000e+0, 5.40328e+4, 0.00000e+0, 1.53710e+1, 0.00000e+0, 4.47000e+2, 0.00000e+0, 5.00214e+2, 0.00000e+0, 3.86389e+1, 0.00000e+0, 4.10205e+1, 0.00000e+0, 3.39221e+0, 0.00000e+0, 3.03514e+0, 0.00000e+0, 0.00000e+0, -2.97459e-1, 0.00000e+0, -4.91132e+0, 0.00000e+0, 9.83091e-2, 0.00000e+0, 4.33511e+0, 0.00000e+0, 4.37563e+1, 0.00000e+0, 2.00000e+1, 2.00000e+1, 3, 7, 
2023/07/24 23:01:00.184, 1.42797e+1, 0.00000e+0, 4.21513e+2, 0.00000e+0, 5.41515e+4, 0.00000e+0, 1.50973e+1, 0.00000e+0, 4.45645e+2, 0.00000e+0, 5.00169e+2, 0.00000e+0, 3.86338e+1, 0.00000e+0, 4.09924e+1, 0.00000e+0, 3.39171e+0, 0.00000e+0, 3.03526e+0, 0.00000e+0, 0.00000e+0, -2.97481e-1, 0.00000e+0, -4.91132e+0, 0.00000e+0, 9.87362e-2, 0.00000e+0, 4.33274e+0, 0.00000e+0, 4.36154e+1, 0.00000e+0, 2.00000e+1, 2.00000e+1, 3, 8, 
2023/07/24 23:01:10.374, 1.40269e+1, 0.00000e+0, 4.20285e+2, 0.00000e+0, 5.43648e+4, 0.00000e+0, 1.48333e+1, 0.00000e+0, 4.44448e+2, 0.00000e+0, 5.00184e+2, 0.00000e+0, 3.86299e+1, 0.00000e+0, 4.10007e+1, 0.00000e+0, 3.39119e+0, 0.00000e+0, 3.03528e+0, 0.00000e+0, 0.00000e+0, -2.97503e-1, 0.00000e+0, -4.91132e+0, 0.00000e+0, 9.82222e-2, 0.00000e+0, 4.33086e+0, 0.00000e+0, 4.35038e+1, 0.00000e+0, 2.00000e+1, 2.00000e+1, 3, 1, 
2023/07/24 23:01:20.489, 1.38378e+1, 0.00000e+0, 4.19680e+2, 0.00000e+0, 5.43164e+4, 0.00000e+0, 1.46326e+1, 0.00000e+0, 4.43784e+2, 0.00000e+0, 5.00216e+2, 0.00000e+0, 3.86262e+1, 0.00000e+0, 4.10012e+1, 0.00000e+0, 3.39080e+0, 0.00000e+0, 3.03539e+0, 0.00000e+0, 0.00000e+0, -2.97526e-1, 0.00000e+0, -4.91132e+0, 0.00000e+0, 9.88240e-2, 0.00000e+0, 4.32883e+0, 0.00000e+0, 4.33828e+1, 0.00000e+0, 2.00000e+1, 2.00000e+1, 3, 2, 
2023/07/24 23:01:30.661, 1.37489e+1, 0.00000e+0, 4.19851e+2, 0.00000e+0, 5.41320e+4, 0.00000e+0, 1.45357e+1, 0.00000e+0, 4.43879e+2, 0.00000e+0, 5.00261e+2, 0.00000e+0, 3.86240e+1, 0.00000e+0, 4.10035e+1, 0.00000e+0, 3.39101e+0, 0.00000e+0, 3.03530e+0, 0.00000e+0, 0.00000e+0, -2.97551e-1, 0.00000e+0, -4.91132e+0, 0.00000e+0, 9.83381e-2, 0.00000e+0, 4.32694e+0, 0.00000e+0, 4.32702e+1, 0.00000e+0, 2.00000e+1, 2.00000e+1, 3, 3, 
2023/07/24 23:01:40.851, 1.34675e+1, 0.00000e+0, 4.19164e+2, 0.00000e+0, 5.39637e+4, 0.00000e+0, 1.42357e+1, 0.00000e+0, 4.43073e+2, 0.00000e+0, 5.00250e+2, 0.00000e+0, 3.86268e+1, 0.00000e+0, 4.09886e+1, 0.00000e+0, 3.39008e+0, 0.00000e+0, 3.03531e+0, 0.00000e+0, 0.00000e+0, -2.97577e-1, 0.00000e+0, -4.91132e+0, 0.00000e+0, 9.80008e-2, 0.00000e+0, 4.32464e+0, 0.00000e+0, 4.31336e+1, 0.00000e+0, 2.00000e+1, 2.00000e+1, 3, 4, 
2023/07/24 23:01:50.960, 1.31053e+1, 0.00000e+0, 4.17924e+2, 0.00000e+0, 5.37892e+4, 0.00000e+0, 1.38503e+1, 0.00000e+0, 4.41681e+2, 0.00000e+0, 5.00237e+2, 0.00000e+0, 3.86230e+1, 0.00000e+0, 4.09689e+1, 0.00000e+0, 3.38984e+0, 0.00000e+0, 3.03567e+0, 0.00000e+0, 0.00000e+0, -2.97605e-1, 0.00000e+0, -4.91132e+0, 0.00000e+0, 9.90688e-2, 0.00000e+0, 4.32251e+0, 0.00000e+0, 4.30067e+1, 0.00000e+0, 2.00000e+1, 2.00000e+1, 3, 5, 
2023/07/24 23:02:01.156, 1.29629e+1, 0.00000e+0, 4.17332e+2, 0.00000e+0, 5.37256e+4, 0.00000e+0, 1.36989e+1, 0.00000e+0, 4.41027e+2, 0.00000e+0, 5.00196e+2, 0.00000e+0, 3.86185e+1, 0.00000e+0, 4.09332e+1, 0.00000e+0, 3.38964e+0, 0.00000e+0, 3.03559e+0, 0.00000e+0, 0.00000e+0, -2.97617e-1, 0.00000e+0, -4.91132e+0, 0.00000e+0, 9.78761e-2, 0.00000e+0, 4.32027e+0, 0.00000e+0, 4.28731e+1, 0.00000e+0, 2.00000e+1, 2.00000e+1, 3, 6, 
2023/07/24 23:02:11.256, 1.26607e+1, 0.00000e+0, 4.16377e+2, 0.00000e+0, 5.35846e+4, 0.00000e+0, 1.33775e+1, 0.00000e+0, 4.39952e+2, 0.00000e+0, 5.00185e+2, 0.00000e+0, 3.86184e+1, 0.00000e+0, 4.09734e+1, 0.00000e+0, 3.38925e+0, 0.00000e+0, 3.03564e+0, 0.00000e+0, 0.00000e+0, -2.97630e-1, 0.00000e+0, -4.91132e+0, 0.00000e+0, 9.92260e-2, 0.00000e+0, 4.31788e+0, 0.00000e+0, 4.27308e+1, 0.00000e+0, 2.00000e+1, 2.00000e+1, 3, 7, 
2023/07/24 23:02:21.461, 1.24057e+1, 0.00000e+0, 4.15554e+2, 0.00000e+0, 5.34391e+4, 0.00000e+0, 1.31061e+1, 0.00000e+0, 4.39014e+2, 0.00000e+0, 5.00182e+2, 0.00000e+0, 3.86144e+1, 0.00000e+0, 4.09870e+1, 0.00000e+0, 3.38891e+0, 0.00000e+0, 3.03557e+0, 0.00000e+0, 0.00000e+0, -2.97643e-1, 0.00000e+0, -4.91132e+0, 0.00000e+0, 9.79240e-2, 0.00000e+0, 4.31555e+0, 0.00000e+0, 4.25922e+1, 0.00000e+0, 2.00000e+1, 2.00000e+1, 3, 8, 
2023/07/24 23:02:31.561, 1.22093e+1, 0.00000e+0, 4.14863e+2, 0.00000e+0, 5.34717e+4, 0.00000e+0, 1.28990e+1, 0.00000e+0, 4.38299e+2, 0.00000e+0, 5.00212e+2, 0.00000e+0, 3.86152e+1, 0.00000e+0, 4.09991e+1, 0.00000e+0, 3.38843e+0, 0.00000e+0, 3.03556e+0, 0.00000e+0, 0.00000e+0, -2.97658e-1, 0.00000e+0, -4.91132e+0, 0.00000e+0, 9.90393e-2, 0.00000e+0, 4.31355e+0, 0.00000e+0, 4.24732e+1, 0.00000e+0, 2.00000e+1, 2.00000e+1, 3, 1, 
2023/07/24 23:02:41.761, 1.19708e+1, 0.00000e+0, 4.14025e+2, 0.00000e+0, 5.34058e+4, 0.00000e+0, 1.26462e+1, 0.00000e+0, 4.37384e+2, 0.00000e+0, 5.00245e+2, 0.00000e+0, 3.86149e+1, 0.00000e+0, 4.09808e+1, 0.00000e+0, 3.38820e+0, 0.00000e+0, 3.03563e+0, 0.00000e+0, 0.00000e+0, -2.97674e-1, 0.00000e+0, -4.91132e+0, 0.00000e+0, 9.80873e-2, 0.00000e+0, 4.31136e+0, 0.00000e+0, 4.23427e+1, 0.00000e+0, 2.00000e+1, 2.00000e+1, 3, 2, 
2023/07/24 23:02:51.864, 1.18678e+1, 0.00000e+0, 4.13670e+2, 0.00000e+0, 5.34430e+4, 0.00000e+0, 1.25379e+1, 0.00000e+0, 4.37026e+2, 0.00000e+0, 5.00247e+2, 0.00000e+0, 3.86148e+1, 0.00000e+0, 4.09919e+1, 0.00000e+0, 3.38792e+0, 0.00000e+0, 3.03551e+0, 0.00000e+0, 0.00000e+0, -2.97691e-1, 0.00000e+0, -4.91133e+0, 0.00000e+0, 9.89218e-2, 0.00000e+0, 4.30933e+0, 0.00000e+0, 4.22219e+1, 0.00000e+0, 2.00000e+1, 2.00000e+1, 3, 3, 
2023/07/24 23:03:02.059, 1.16602e+1, 0.00000e+0, 4.12457e+2, 0.00000e+0, 5.34819e+4, 0.00000e+0, 1.23190e+1, 0.00000e+0, 4.35762e+2, 0.00000e+0, 5.00241e+2, 0.00000e+0, 3.86093e+1, 0.00000e+0, 4.09999e+1, 0.00000e+0, 3.38766e+0, 0.00000e+0, 3.03603e+0, 0.00000e+0, 0.00000e+0, -2.97710e-1, 0.00000e+0, -4.91134e+0, 0.00000e+0, 9.81547e-2, 0.00000e+0, 4.30690e+0, 0.00000e+0, 4.20774e+1, 0.00000e+0, 2.00000e+1, 2.00000e+1, 3, 4, 
2023/07/24 23:03:12.169, 1.14400e+1, 0.00000e+0, 4.11780e+2, 0.00000e+0, 5.35257e+4, 0.00000e+0, 1.20869e+1, 0.00000e+0, 4.35067e+2, 0.00000e+0, 5.00196e+2, 0.00000e+0, 3.86068e+1, 0.00000e+0, 4.09969e+1, 0.00000e+0, 3.38712e+0, 0.00000e+0, 3.03557e+0, 0.00000e+0, 0.00000e+0, -2.97731e-1, 0.00000e+0, -4.91135e+0, 0.00000e+0, 9.88826e-2, 0.00000e+0, 4.30440e+0, 0.00000e+0, 4.19288e+1, 0.00000e+0, 2.00000e+1, 2.00000e+1, 3, 5, 
2023/07/24 23:03:22.359, 1.13580e+1, 0.00000e+0, 4.11286e+2, 0.00000e+0, 5.35414e+4, 0.00000e+0, 1.20006e+1, 0.00000e+0, 4.34553e+2, 0.00000e+0, 5.00193e+2, 0.00000e+0, 3.86039e+1, 0.00000e+0, 4.09962e+1, 0.00000e+0, 3.38728e+0, 0.00000e+0, 3.03568e+0, 0.00000e+0, 0.00000e+0, -2.97752e-1, 0.00000e+0, -4.91136e+0, 0.00000e+0, 9.81740e-2, 0.00000e+0, 4.30205e+0, 0.00000e+0, 4.17886e+1, 0.00000e+0, 2.00000e+1, 2.00000e+1, 3, 6, 
2023/07/24 23:03:32.472, 1.10548e+1, 0.00000e+0, 4.10247e+2, 0.00000e+0, 5.35980e+4, 0.00000e+0, 1.16809e+1, 0.00000e+0, 4.33481e+2, 0.00000e+0, 5.00202e+2, 0.00000e+0, 3.86023e+1, 0.00000e+0, 4.09895e+1, 0.00000e+0, 3.38667e+0, 0.00000e+0, 3.03549e+0, 0.00000e+0, 0.00000e+0, -2.97776e-1, 0.00000e+0, -4.91136e+0, 0.00000e+0, 9.88338e-2, 0.00000e+0, 4.29986e+0, 0.00000e+0, 4.16584e+1, 0.00000e+0, 2.00000e+1, 2.00000e+1, 3, 7, 
2023/07/24 23:03:42.656, 1.08781e+1, 0.00000e+0, 4.09513e+2, 0.00000e+0, 5.36439e+4, 0.00000e+0, 1.14947e+1, 0.00000e+0, 4.32726e+2, 0.00000e+0, 5.00214e+2, 0.00000e+0, 3.85988e+1, 0.00000e+0, 4.09543e+1, 0.00000e+0, 3.38646e+0, 0.00000e+0, 3.03567e+0, 0.00000e+0, 0.00000e+0, -2.97800e-1, 0.00000e+0, -4.91135e+0, 0.00000e+0, 9.82125e-2, 0.00000e+0, 4.29672e+0, 0.00000e+0, 4.14715e+1, 0.00000e+0, 2.00000e+1, 2.00000e+1, 3, 8, 
2023/07/24 23:03:52.777, 1.07626e+1, 0.00000e+0, 4.08794e+2, 0.00000e+0, 5.36965e+4, 0.00000e+0, 1.13733e+1, 0.00000e+0, 4.31990e+2, 0.00000e+0, 5.00229e+2, 0.00000e+0, 3.85983e+1, 0.00000e+0, 4.09347e+1, 0.00000e+0, 3.38624e+0, 0.00000e+0, 3.03589e+0, 0.00000e+0, 0.00000e+0, -2.97824e-1, 0.00000e+0, -4.91134e+0, 0.00000e+0, 9.87947e-2, 0.00000e+0, 4.29441e+0, 0.00000e+0, 4.13340e+1, 0.00000e+0, 2.00000e+1, 2.00000e+1, 3, 1, 
2023/07/24 23:04:02.956, 1.05699e+1, 0.00000e+0, 4.08421e+2, 0.00000e+0, 5.36434e+4, 0.00000e+0, 1.11691e+1, 0.00000e+0, 4.31572e+2, 0.00000e+0, 5.00223e+2, 0.00000e+0, 3.85957e+1, 0.00000e+0, 4.09184e+1, 0.00000e+0, 3.38589e+0, 0.00000e+0, 3.03565e+0, 0.00000e+0, 0.00000e+0, -2.97851e-1, 0.00000e+0, -4.91133e+0, 0.00000e+0, 9.82608e-2, 0.00000e+0, 4.29151e+0, 0.00000e+0, 4.11616e+1, 0.00000e+0, 2.00000e+1, 2.00000e+1, 3, 2, 
2023/07/24 23:04:13.088, 1.04649e+1, 0.00000e+0, 4.08027e+2, 0.00000e+0, 5.34397e+4, 0.00000e+0, 1.10557e+1, 0.00000e+0, 4.31063e+2, 0.00000e+0, 5.00200e+2, 0.00000e+0, 3.85927e+1, 0.00000e+0, 4.09327e+1, 0.00000e+0, 3.38573e+0, 0.00000e+0, 3.03595e+0, 0.00000e+0, 0.00000e+0, -2.97878e-1, 0.00000e+0, -4.91134e+0, 0.00000e+0, 9.86582e-2, 0.00000e+0, 4.28909e+0, 0.00000e+0, 4.10174e+1, 0.00000e+0, 2.00000e+1, 2.00000e+1, 3, 3, 
2023/07/24 23:04:23.257, 1.02613e+1, 0.00000e+0, 4.07755e+2, 0.00000e+0, 5.34209e+4, 0.00000e+0, 1.08404e+1, 0.00000e+0, 4.30767e+2, 0.00000e+0, 5.00185e+2, 0.00000e+0, 3.85938e+1, 0.00000e+0, 4.09743e+1, 0.00000e+0, 3.38554e+0, 0.00000e+0, 3.03548e+0, 0.00000e+0, 0.00000e+0, -2.97908e-1, 0.00000e+0, -4.91135e+0, 0.00000e+0, 9.84058e-2, 0.00000e+0, 4.28650e+0, 0.00000e+0, 4.08629e+1, 0.00000e+0, 2.00000e+1, 2.00000e+1, 3, 4, 
2023/07/24 23:04:33.458, 1.00075e+1, 0.00000e+0, 4.06569e+2, 0.00000e+0, 5.36359e+4, 0.00000e+0, 1.05747e+1, 0.00000e+0, 4.29612e+2, 0.00000e+0, 5.00133e+2, 0.00000e+0, 3.85925e+1, 0.00000e+0, 4.09529e+1, 0.00000e+0, 3.38528e+0, 0.00000e+0, 3.03565e+0, 0.00000e+0, 0.00000e+0, -2.97941e-1, 0.00000e+0, -4.91137e+0, 0.00000e+0, 9.78953e-2, 0.00000e+0, 4.28385e+0, 0.00000e+0, 4.07053e+1, 0.00000e+0, 2.00000e+1, 2.00000e+1, 3, 5, 
2023/07/24 23:04:43.560, 9.84441e+0, 0.00000e+0, 4.05671e+2, 0.00000e+0, 5.38334e+4, 0.00000e+0, 1.04045e+1, 0.00000e+0, 4.28753e+2, 0.00000e+0, 5.00137e+2, 0.00000e+0, 3.85946e+1, 0.00000e+0, 4.09726e+1, 0.00000e+0, 3.38477e+0, 0.00000e+0, 3.03545e+0, 0.00000e+0, 0.00000e+0, -2.97960e-1, 0.00000e+0, -4.91137e+0, 0.00000e+0, 9.90786e-2, 0.00000e+0, 4.28211e+0, 0.00000e+0, 4.06017e+1, 0.00000e+0, 2.00000e+1, 2.00000e+1, 3, 6, 
2023/07/24 23:04:53.753, 9.69045e+0, 0.00000e+0, 4.05327e+2, 0.00000e+0, 5.40096e+4, 0.00000e+0, 1.02437e+1, 0.00000e+0, 4.28469e+2, 0.00000e+0, 5.00186e+2, 0.00000e+0, 3.85945e+1, 0.00000e+0, 4.09766e+1, 0.00000e+0, 3.38457e+0, 0.00000e+0, 3.03560e+0, 0.00000e+0, 0.00000e+0, -2.97982e-1, 0.00000e+0, -4.91137e+0, 0.00000e+0, 9.81836e-2, 0.00000e+0, 4.27962e+0, 0.00000e+0, 4.04535e+1, 0.00000e+0, 2.00000e+1, 2.00000e+1, 3, 7, 
2023/07/24 23:05:03.856, 9.44575e+0, 0.00000e+0, 4.03425e+2, 0.00000e+0, 5.48218e+4, 0.00000e+0, 9.99362e+0, 0.00000e+0, 4.26824e+2, 0.00000e+0, 5.00197e+2, 0.00000e+0, 3.85879e+1, 0.00000e+0, 4.09463e+1, 0.00000e+0, 3.38397e+0, 0.00000e+0, 3.03594e+0, 0.00000e+0, 0.00000e+0, -2.98005e-1, 0.00000e+0, -4.91137e+0, 0.00000e+0, 9.89707e-2, 0.00000e+0, 4.27696e+0, 0.00000e+0, 4.02951e+1, 0.00000e+0, 2.00000e+1, 2.00000e+1, 3, 8, 
2023/07/24 23:05:14.057, 9.34783e+0, 0.00000e+0, 4.02065e+2, 0.00000e+0, 5.57776e+4, 0.00000e+0, 9.90003e+0, 0.00000e+0, 4.25816e+2, 0.00000e+0, 5.00225e+2, 0.00000e+0, 3.85878e+1, 0.00000e+0, 4.09416e+1, 0.00000e+0, 3.38365e+0, 0.00000e+0, 3.03535e+0, 0.00000e+0, 0.00000e+0, -2.98029e-1, 0.00000e+0, -4.91137e+0, 0.00000e+0, 9.80392e-2, 0.00000e+0, 4.27426e+0, 0.00000e+0, 4.01345e+1, 0.00000e+0, 2.00000e+1, 2.00000e+1, 3, 1, 
2023/07/24 23:05:24.159, 9.10322e+0, 0.00000e+0, 3.96479e+2, 0.00000e+0, 6.01001e+4, 0.00000e+0, 9.68530e+0, 0.00000e+0, 4.21831e+2, 0.00000e+0, 5.00236e+2, 0.00000e+0, 3.85834e+1, 0.00000e+0, 4.09662e+1, 0.00000e+0, 3.38205e+0, 0.00000e+0, 3.03499e+0, 0.00000e+0, 0.00000e+0, -2.98056e-1, 0.00000e+0, -4.91137e+0, 0.00000e+0, 9.89805e-2, 0.00000e+0, 4.27122e+0, 0.00000e+0, 3.99537e+1, 0.00000e+0, 2.00000e+1, 2.00000e+1, 3, 2, 
2023/07/24 23:05:34.357, 8.83242e+0, 0.00000e+0, 3.94501e+2, 0.00000e+0, 6.10769e+4, 0.00000e+0, 9.40696e+0, 0.00000e+0, 4.20164e+2, 0.00000e+0, 5.00156e+2, 0.00000e+0, 3.85850e+1, 0.00000e+0, 4.09656e+1, 0.00000e+0, 3.38152e+0, 0.00000e+0, 3.03480e+0, 0.00000e+0, 0.00000e+0, -2.98084e-1, 0.00000e+0, -4.91137e+0, 0.00000e+0, 9.80584e-2, 0.00000e+0, 4.26816e+0, 0.00000e+0, 3.97715e+1, 0.00000e+0, 2.00000e+1, 2.00000e+1, 3, 3, 
2023/07/24 23:05:44.462, 8.74083e+0, 0.00000e+0, 3.95626e+2, 0.00000e+0, 6.02654e+4, 0.00000e+0, 9.30138e+0, 0.00000e+0, 4.20998e+2, 0.00000e+0, 5.00121e+2, 0.00000e+0, 3.85788e+1, 0.00000e+0, 4.09799e+1, 0.00000e+0, 3.38156e+0, 0.00000e+0, 3.03474e+0, 0.00000e+0, 0.00000e+0, -2.98112e-1, 0.00000e+0, -4.91137e+0, 0.00000e+0, 9.89511e-2, 0.00000e+0, 4.26475e+0, 0.00000e+0, 3.95683e+1, 0.00000e+0, 2.00000e+1, 2.00000e+1, 3, 4, 
2023/07/24 23:05:54.658, 8.58859e+0, 0.00000e+0, 3.96069e+2, 0.00000e+0, 5.99886e+4, 0.00000e+0, 9.13669e+0, 0.00000e+0, 4.21345e+2, 0.00000e+0, 5.00125e+2, 0.00000e+0, 3.85794e+1, 0.00000e+0, 4.09838e+1, 0.00000e+0, 3.38141e+0, 0.00000e+0, 3.03504e+0, 0.00000e+0, 0.00000e+0, -2.98142e-1, 0.00000e+0, -4.91137e+0, 0.00000e+0, 9.81451e-2, 0.00000e+0, 4.26196e+0, 0.00000e+0, 3.94023e+1, 0.00000e+0, 2.00000e+1, 2.00000e+1, 3, 5, 
2023/07/24 23:06:04.767, 8.57931e+0, 0.00000e+0, 3.97184e+2, 0.00000e+0, 5.96706e+4, 0.00000e+0, 9.12373e+0, 0.00000e+0, 4.22389e+2, 0.00000e+0, 5.00181e+2, 0.00000e+0, 3.85776e+1, 0.00000e+0, 4.09828e+1, 0.00000e+0, 3.38177e+0, 0.00000e+0, 3.03475e+0, 0.00000e+0, 0.00000e+0, -2.98172e-1, 0.00000e+0, -4.91137e+0, 0.00000e+0, 9.88924e-2, 0.00000e+0, 4.25937e+0, 0.00000e+0, 3.92484e+1, 0.00000e+0, 2.00000e+1, 2.00000e+1, 3, 6, 
2023/07/24 23:06:14.961, 8.47318e+0, 0.00000e+0, 3.97153e+2, 0.00000e+0, 5.94681e+4, 0.00000e+0, 9.00892e+0, 0.00000e+0, 4.22265e+2, 0.00000e+0, 5.00192e+2, 0.00000e+0, 3.85782e+1, 0.00000e+0, 4.10023e+1, 0.00000e+0, 3.38166e+0, 0.00000e+0, 3.03522e+0, 0.00000e+0, 0.00000e+0, -2.98203e-1, 0.00000e+0, -4.91137e+0, 0.00000e+0, 9.81354e-2, 0.00000e+0, 4.25599e+0, 0.00000e+0, 3.90468e+1, 0.00000e+0, 2.00000e+1, 2.00000e+1, 3, 7, 
2023/07/24 23:06:25.073, 8.29334e+0, 0.00000e+0, 3.97071e+2, 0.00000e+0, 5.92946e+4, 0.00000e+0, 8.81608e+0, 0.00000e+0, 4.22100e+2, 0.00000e+0, 5.00194e+2, 0.00000e+0, 3.85817e+1, 0.00000e+0, 4.09969e+1, 0.00000e+0, 3.38132e+0, 0.00000e+0, 3.03546e+0, 0.00000e+0, 0.00000e+0, -2.98236e-1, 0.00000e+0, -4.91137e+0, 0.00000e+0, 9.88631e-2, 0.00000e+0, 4.25280e+0, 0.00000e+0, 3.88570e+1, 0.00000e+0, 2.00000e+1, 2.00000e+1, 3, 8, 
2023/07/24 23:06:35.259, 8.02194e+0, 0.00000e+0, 3.96607e+2, 0.00000e+0, 5.89560e+4, 0.00000e+0, 8.52451e+0, 0.00000e+0, 4.21454e+2, 0.00000e+0, 5.00181e+2, 0.00000e+0, 3.85769e+1, 0.00000e+0, 4.09790e+1, 0.00000e+0, 3.38090e+0, 0.00000e+0, 3.03548e+0, 0.00000e+0, 0.00000e+0, -2.98251e-1, 0.00000e+0, -4.91137e+0, 0.00000e+0, 9.81836e-2, 0.00000e+0, 4.24957e+0, 0.00000e+0, 3.86650e+1, 0.00000e+0, 2.00000e+1, 2.00000e+1, 3, 1, 
2023/07/24 23:06:45.376, 7.98501e+0, 0.00000e+0, 3.97488e+2, 0.00000e+0, 5.86838e+4, 0.00000e+0, 8.48281e+0, 0.00000e+0, 4.22269e+2, 0.00000e+0, 5.00168e+2, 0.00000e+0, 3.85740e+1, 0.00000e+0, 4.09853e+1, 0.00000e+0, 3.38107e+0, 0.00000e+0, 3.03554e+0, 0.00000e+0, 0.00000e+0, -2.98266e-1, 0.00000e+0, -4.91137e+0, 0.00000e+0, 9.88338e-2, 0.00000e+0, 4.24627e+0, 0.00000e+0, 3.84684e+1, 0.00000e+0, 2.00000e+1, 2.00000e+1, 3, 2, 
2023/07/24 23:06:55.555, 7.76066e+0, 0.00000e+0, 3.97826e+2, 0.00000e+0, 5.82433e+4, 0.00000e+0, 8.24063e+0, 0.00000e+0, 4.22429e+2, 0.00000e+0, 5.00146e+2, 0.00000e+0, 3.85705e+1, 0.00000e+0, 4.09810e+1, 0.00000e+0, 3.38102e+0, 0.00000e+0, 3.03564e+0, 0.00000e+0, 0.00000e+0, -2.98283e-1, 0.00000e+0, -4.91137e+0, 0.00000e+0, 9.82801e-2, 0.00000e+0, 4.24287e+0, 0.00000e+0, 3.82661e+1, 0.00000e+0, 2.00000e+1, 2.00000e+1, 3, 3, 
2023/07/24 23:07:05.687, 7.69900e+0, 0.00000e+0, 3.98206e+2, 0.00000e+0, 5.78454e+4, 0.00000e+0, 8.17169e+0, 0.00000e+0, 4.22655e+2, 0.00000e+0, 5.00160e+2, 0.00000e+0, 3.85683e+1, 0.00000e+0, 4.09860e+1, 0.00000e+0, 3.38101e+0, 0.00000e+0, 3.03565e+0, 0.00000e+0, 0.00000e+0, -2.98301e-1, 0.00000e+0, -4.91137e+0, 0.00000e+0, 9.86388e-2, 0.00000e+0, 4.23937e+0, 0.00000e+0, 3.80576e+1, 0.00000e+0, 2.00000e+1, 2.00000e+1, 3, 4, 
2023/07/24 23:07:15.854, 7.46242e+0, 0.00000e+0, 3.97239e+2, 0.00000e+0, 5.76578e+4, 0.00000e+0, 7.91901e+0, 0.00000e+0, 4.21544e+2, 0.00000e+0, 5.00187e+2, 0.00000e+0, 3.85697e+1, 0.00000e+0, 4.09552e+1, 0.00000e+0, 3.38075e+0, 0.00000e+0, 3.03566e+0, 0.00000e+0, 0.00000e+0, -2.98322e-1, 0.00000e+0, -4.91137e+0, 0.00000e+0, 9.84155e-2, 0.00000e+0, 4.23581e+0, 0.00000e+0, 3.78460e+1, 0.00000e+0, 2.00000e+1, 2.00000e+1, 3, 5, 
2023/07/24 23:07:26.005, 7.36005e+0, 0.00000e+0, 3.96634e+2, 0.00000e+0, 5.74739e+4, 0.00000e+0, 7.80886e+0, 0.00000e+0, 4.20820e+2, 0.00000e+0, 5.00206e+2, 0.00000e+0, 3.85675e+1, 0.00000e+0, 4.09338e+1, 0.00000e+0, 3.38031e+0, 0.00000e+0, 3.03578e+0, 0.00000e+0, 0.00000e+0, -2.98343e-1, 0.00000e+0, -4.91137e+0, 0.00000e+0, 9.85513e-2, 0.00000e+0, 4.23251e+0, 0.00000e+0, 3.76492e+1, 0.00000e+0, 2.00000e+1, 2.00000e+1, 3, 6, 
2023/07/24 23:07:36.161, 7.26479e+0, 0.00000e+0, 3.96084e+2, 0.00000e+0, 5.72613e+4, 0.00000e+0, 7.70604e+0, 0.00000e+0, 4.20142e+2, 0.00000e+0, 5.00209e+2, 0.00000e+0, 3.85645e+1, 0.00000e+0, 4.09374e+1, 0.00000e+0, 3.38044e+0, 0.00000e+0, 3.03591e+0, 0.00000e+0, 0.00000e+0, -2.98365e-1, 0.00000e+0, -4.91137e+0, 0.00000e+0, 9.83961e-2, 0.00000e+0, 4.22887e+0, 0.00000e+0, 3.74325e+1, 0.00000e+0, 2.00000e+1, 2.00000e+1, 3, 7, 
2023/07/24 23:07:46.355, 7.05826e+0, 0.00000e+0, 3.95467e+2, 0.00000e+0, 5.71108e+4, 0.00000e+0, 7.48577e+0, 0.00000e+0, 4.19421e+2, 0.00000e+0, 5.00194e+2, 0.00000e+0, 3.85642e+1, 0.00000e+0, 4.09386e+1, 0.00000e+0, 3.38005e+0, 0.00000e+0, 3.03576e+0, 0.00000e+0, 0.00000e+0, -2.98390e-1, 0.00000e+0, -4.91137e+0, 0.00000e+0, 9.81162e-2, 0.00000e+0, 4.22505e+0, 0.00000e+0, 3.72052e+1, 0.00000e+0, 2.00000e+1, 2.00000e+1, 3, 8, 
2023/07/24 23:07:56.462, 7.03175e+0, 0.00000e+0, 3.95510e+2, 0.00000e+0, 5.69430e+4, 0.00000e+0, 7.45633e+0, 0.00000e+0, 4.19391e+2, 0.00000e+0, 5.00177e+2, 0.00000e+0, 3.85656e+1, 0.00000e+0, 4.09201e+1, 0.00000e+0, 3.38017e+0, 0.00000e+0, 3.03594e+0, 0.00000e+0, 0.00000e+0, -2.98414e-1, 0.00000e+0, -4.91137e+0, 0.00000e+0, 9.90001e-2, 0.00000e+0, 4.22163e+0, 0.00000e+0, 3.70020e+1, 0.00000e+0, 2.00000e+1, 2.00000e+1, 3, 1, 
2023/07/24 23:08:06.650, 6.97738e+0, 0.00000e+0, 3.95344e+2, 0.00000e+0, 5.68179e+4, 0.00000e+0, 7.39770e+0, 0.00000e+0, 4.19160e+2, 0.00000e+0, 5.00148e+2, 0.00000e+0, 3.85633e+1, 0.00000e+0, 4.09017e+1, 0.00000e+0, 3.37977e+0, 0.00000e+0, 3.03584e+0, 0.00000e+0, 0.00000e+0, -2.98439e-1, 0.00000e+0, -4.91137e+0, 0.00000e+0, 9.81162e-2, 0.00000e+0, 4.21759e+0, 0.00000e+0, 3.67616e+1, 0.00000e+0, 2.00000e+1, 2.00000e+1, 3, 2, 
2023/07/24 23:08:16.760, 6.82679e+0, 0.00000e+0, 3.94941e+2, 0.00000e+0, 5.65982e+4, 0.00000e+0, 7.23636e+0, 0.00000e+0, 4.18635e+2, 0.00000e+0, 5.00148e+2, 0.00000e+0, 3.85542e+1, 0.00000e+0, 4.09176e+1, 0.00000e+0, 3.37974e+0, 0.00000e+0, 3.03553e+0, 0.00000e+0, 0.00000e+0, -2.98465e-1, 0.00000e+0, -4.91137e+0, 0.00000e+0, 9.89609e-2, 0.00000e+0, 4.21402e+0, 0.00000e+0, 3.65487e+1, 0.00000e+0, 2.00000e+1, 2.00000e+1, 3, 3, 
2023/07/24 23:08:26.956, 6.74076e+0, 0.00000e+0, 3.96505e+2, 0.00000e+0, 5.62880e+4, 0.00000e+0, 7.14281e+0, 0.00000e+0, 4.20154e+2, 0.00000e+0, 5.00191e+2, 0.00000e+0, 3.85540e+1, 0.00000e+0, 4.09198e+1, 0.00000e+0, 3.37970e+0, 0.00000e+0, 3.03604e+0, 0.00000e+0, 0.00000e+0, -2.98493e-1, 0.00000e+0, -4.91137e+0, 0.00000e+0, 9.80584e-2, 0.00000e+0, 4.20984e+0, 0.00000e+0, 3.63000e+1, 0.00000e+0, 2.00000e+1, 2.00000e+1, 3, 4, 
2023/07/24 23:08:37.062, 6.61221e+0, 0.00000e+0, 3.96909e+2, 0.00000e+0, 5.61035e+4, 0.00000e+0, 7.00523e+0, 0.00000e+0, 4.20501e+2, 0.00000e+0, 5.00233e+2, 0.00000e+0, 3.85508e+1, 0.00000e+0, 4.09217e+1, 0.00000e+0, 3.37973e+0, 0.00000e+0, 3.03594e+0, 0.00000e+0, 0.00000e+0, -2.98519e-1, 0.00000e+0, -4.91137e+0, 0.00000e+0, 9.89707e-2, 0.00000e+0, 4.20564e+0, 0.00000e+0, 3.60498e+1, 0.00000e+0, 2.00000e+1, 2.00000e+1, 3, 5, 
2023/07/24 23:08:47.257, 6.42190e+0, 0.00000e+0, 3.96681e+2, 0.00000e+0, 5.58954e+4, 0.00000e+0, 6.80211e+0, 0.00000e+0, 4.20166e+2, 0.00000e+0, 5.00235e+2, 0.00000e+0, 3.85493e+1, 0.00000e+0, 4.09314e+1, 0.00000e+0, 3.37938e+0, 0.00000e+0, 3.03573e+0, 0.00000e+0, 0.00000e+0, -2.98530e-1, 0.00000e+0, -4.91137e+0, 0.00000e+0, 9.80873e-2, 0.00000e+0, 4.20153e+0, 0.00000e+0, 3.58051e+1, 0.00000e+0, 2.00000e+1, 2.00000e+1, 3, 6, 
2023/07/24 23:08:57.366, 6.31307e+0, 0.00000e+0, 3.96319e+2, 0.00000e+0, 5.57666e+4, 0.00000e+0, 6.68592e+0, 0.00000e+0, 4.19726e+2, 0.00000e+0, 5.00208e+2, 0.00000e+0, 3.85445e+1, 0.00000e+0, 4.09084e+1, 0.00000e+0, 3.37928e+0, 0.00000e+0, 3.03567e+0, 0.00000e+0, 0.00000e+0, -2.98544e-1, 0.00000e+0, -4.91137e+0, 0.00000e+0, 9.88826e-2, 0.00000e+0, 4.19735e+0, 0.00000e+0, 3.55568e+1, 0.00000e+0, 2.00000e+1, 2.00000e+1, 3, 7, 
2023/07/24 23:09:07.559, 6.27157e+0, 0.00000e+0, 3.95612e+2, 0.00000e+0, 5.56656e+4, 0.00000e+0, 6.64126e+0, 0.00000e+0, 4.18932e+2, 0.00000e+0, 5.00172e+2, 0.00000e+0, 3.85444e+1, 0.00000e+0, 4.08773e+1, 0.00000e+0, 3.37920e+0, 0.00000e+0, 3.03582e+0, 0.00000e+0, 0.00000e+0, -2.98559e-1, 0.00000e+0, -4.91137e+0, 0.00000e+0, 9.81643e-2, 0.00000e+0, 4.19304e+0, 0.00000e+0, 3.52999e+1, 0.00000e+0, 2.00000e+1, 2.00000e+1, 3, 8, 
2023/07/24 23:09:17.670, 6.12955e+0, 0.00000e+0, 3.94903e+2, 0.00000e+0, 5.55700e+4, 0.00000e+0, 6.49021e+0, 0.00000e+0, 4.18138e+2, 0.00000e+0, 5.00114e+2, 0.00000e+0, 3.85450e+1, 0.00000e+0, 4.08791e+1, 0.00000e+0, 3.37887e+0, 0.00000e+0, 3.03586e+0, 0.00000e+0, 0.00000e+0, -2.98573e-1, 0.00000e+0, -4.91137e+0, 0.00000e+0, 9.88924e-2, 0.00000e+0, 4.18933e+0, 0.00000e+0, 3.50794e+1, 0.00000e+0, 2.00000e+1, 2.00000e+1, 3, 1, 
2023/07/24 23:09:27.858, 6.00256e+0, 0.00000e+0, 3.94356e+2, 0.00000e+0, 5.54513e+4, 0.00000e+0, 6.35495e+0, 0.00000e+0, 4.17508e+2, 0.00000e+0, 5.00128e+2, 0.00000e+0, 3.85448e+1, 0.00000e+0, 4.09137e+1, 0.00000e+0, 3.37868e+0, 0.00000e+0, 3.03585e+0, 0.00000e+0, 0.00000e+0, -2.98591e-1, 0.00000e+0, -4.91137e+0, 0.00000e+0, 9.81451e-2, 0.00000e+0, 4.18544e+0, 0.00000e+0, 3.48478e+1, 0.00000e+0, 2.00000e+1, 2.00000e+1, 3, 2, 
2023/07/24 23:09:37.974, 5.90369e+0, 0.00000e+0, 3.93837e+2, 0.00000e+0, 5.55786e+4, 0.00000e+0, 6.25112e+0, 0.00000e+0, 4.17014e+2, 0.00000e+0, 5.00180e+2, 0.00000e+0, 3.85432e+1, 0.00000e+0, 4.09237e+1, 0.00000e+0, 3.37857e+0, 0.00000e+0, 3.03592e+0, 0.00000e+0, 0.00000e+0, -2.98611e-1, 0.00000e+0, -4.91137e+0, 0.00000e+0, 9.88045e-2, 0.00000e+0, 4.18155e+0, 0.00000e+0, 3.46161e+1, 0.00000e+0, 2.00000e+1, 2.00000e+1, 3, 3, 
2023/07/24 23:09:48.157, 5.87279e+0, 0.00000e+0, 3.93344e+2, 0.00000e+0, 5.57822e+4, 0.00000e+0, 6.21974e+0, 0.00000e+0, 4.16582e+2, 0.00000e+0, 5.00218e+2, 0.00000e+0, 3.85363e+1, 0.00000e+0, 4.09058e+1, 0.00000e+0, 3.37849e+0, 0.00000e+0, 3.03601e+0, 0.00000e+0, 0.00000e+0, -2.98633e-1, 0.00000e+0, -4.91137e+0, 0.00000e+0, 9.82801e-2, 0.00000e+0, 4.17719e+0, 0.00000e+0, 3.43567e+1, 0.00000e+0, 2.00000e+1, 2.00000e+1, 3, 4, 
2023/07/24 23:09:58.279, 5.76699e+0, 0.00000e+0, 3.92797e+2, 0.00000e+0, 5.56616e+4, 0.00000e+0, 6.10691e+0, 0.00000e+0, 4.15950e+2, 0.00000e+0, 5.00256e+2, 0.00000e+0, 3.85358e+1, 0.00000e+0, 4.08826e+1, 0.00000e+0, 3.37849e+0, 0.00000e+0, 3.03613e+0, 0.00000e+0, 0.00000e+0, -2.98656e-1, 0.00000e+0, -4.91137e+0, 0.00000e+0, 9.87362e-2, 0.00000e+0, 4.17287e+0, 0.00000e+0, 3.40991e+1, 0.00000e+0, 2.00000e+1, 2.00000e+1, 3, 5, 
2023/07/24 23:10:08.456, 5.69179e+0, 0.00000e+0, 3.93235e+2, 0.00000e+0, 5.54383e+4, 0.00000e+0, 6.02585e+0, 0.00000e+0, 4.16315e+2, 0.00000e+0, 5.00201e+2, 0.00000e+0, 3.85351e+1, 0.00000e+0, 4.08877e+1, 0.00000e+0, 3.37860e+0, 0.00000e+0, 3.03592e+0, 0.00000e+0, 0.00000e+0, -2.98678e-1, 0.00000e+0, -4.91137e+0, 0.00000e+0, 9.82801e-2, 0.00000e+0, 4.16809e+0, 0.00000e+0, 3.38149e+1, 0.00000e+0, 2.00000e+1, 2.00000e+1, 3, 6, 
2023/07/24 23:10:18.583, 5.65961e+0, 0.00000e+0, 3.93829e+2, 0.00000e+0, 5.52525e+4, 0.00000e+0, 5.99061e+0, 0.00000e+0, 4.16862e+2, 0.00000e+0, 5.00197e+2, 0.00000e+0, 3.85308e+1, 0.00000e+0, 4.08865e+1, 0.00000e+0, 3.37843e+0, 0.00000e+0, 3.03588e+0, 0.00000e+0, 0.00000e+0, -2.98702e-1, 0.00000e+0, -4.91137e+0, 0.00000e+0, 9.87557e-2, 0.00000e+0, 4.16402e+0, 0.00000e+0, 3.35729e+1, 0.00000e+0, 2.00000e+1, 2.00000e+1, 3, 7, 
2023/07/24 23:10:28.761, 5.54285e+0, 0.00000e+0, 3.93086e+2, 0.00000e+0, 5.50170e+4, 0.00000e+0, 5.86555e+0, 0.00000e+0, 4.15972e+2, 0.00000e+0, 5.00121e+2, 0.00000e+0, 3.85261e+1, 0.00000e+0, 4.08973e+1, 0.00000e+0, 3.37836e+0, 0.00000e+0, 3.03627e+0, 0.00000e+0, 0.00000e+0, -2.98728e-1, 0.00000e+0, -4.91137e+0, 0.00000e+0, 9.82222e-2, 0.00000e+0, 4.15863e+0, 0.00000e+0, 3.32517e+1, 0.00000e+0, 2.00000e+1, 2.00000e+1, 3, 8, 

