SN:3K430000012749 BD:Apr 19 2021 VC:7d9ffae MD5:34e03199e6006f2831fb02c414d62259
                     Time,      [CH4]_ppm,   [CH4]_ppm_sd,      [CO2]_ppm,   [CO2]_ppm_sd,      [H2O]_ppm,   [H2O]_ppm_sd,     [CH4]d_ppm,  [CH4]d_ppm_sd,     [CO2]d_ppm,  [CO2]d_ppm_sd,      GasP_torr,   GasP_torr_sd,         GasT_C,      GasT_C_sd,         AmbT_C,      AmbT_C_sd,         RD0_us,      RD0_us_sd,         RD1_us,      RD1_us_sd,     RD0_raw_us,         LTC0_v,      LTC0_v_sd,         LTC1_v,      LTC1_v_sd,             HZ,          HZ_sd,         Batt_v,      Batt_v_sd,        BattPer,     BattPer_sd, Temp_Status_mA,Analyzer_Status_mA,       Fit_Flag,      MIU_VALVE,       MIU_DESC
2023/07/24 16:20:11.480, 9.47094e+2, 0.00000e+0, 4.84058e+2, 0.00000e+0, 9.43371e+3, 0.00000e+0, 9.56114e+2, 0.00000e+0, 4.88668e+2, 0.00000e+0, 5.00590e+2, 0.00000e+0, 3.27746e+1, 0.00000e+0, 3.79067e+1, 0.00000e+0, 4.33868e+0, 0.00000e+0, 3.03093e+0, 0.00000e+0, 0.00000e+0, -2.97403e-1, 0.00000e+0, -4.91454e+0, 0.00000e+0, 9.87849e-2, 0.00000e+0, 5.08312e+0, 0.00000e+0, 8.82807e+1, 0.00000e+0, 2.00000e+1, 1.70000e+1, 3, 2, 
2023/07/24 16:20:21.658, 9.46665e+2, 0.00000e+0, 4.84272e+2, 0.00000e+0, 9.52294e+3, 0.00000e+0, 9.55766e+2, 0.00000e+0, 4.88928e+2, 0.00000e+0, 5.00593e+2, 0.00000e+0, 3.28181e+1, 0.00000e+0, 3.79448e+1, 0.00000e+0, 4.33662e+0, 0.00000e+0, 3.03098e+0, 0.00000e+0, 0.00000e+0, -2.97375e-1, 0.00000e+0, -4.91452e+0, 0.00000e+0, 9.82801e-2, 0.00000e+0, 5.08201e+0, 0.00000e+0, 8.82150e+1, 0.00000e+0, 2.00000e+1, 1.70000e+1, 3, 3, 
2023/07/24 16:20:31.784, 9.45423e+2, 0.00000e+0, 4.84440e+2, 0.00000e+0, 9.56909e+3, 0.00000e+0, 9.54557e+2, 0.00000e+0, 4.89120e+2, 0.00000e+0, 5.00630e+2, 0.00000e+0, 3.28597e+1, 0.00000e+0, 3.79849e+1, 0.00000e+0, 4.33693e+0, 0.00000e+0, 3.03081e+0, 0.00000e+0, 0.00000e+0, -2.97347e-1, 0.00000e+0, -4.91450e+0, 0.00000e+0, 9.87654e-2, 0.00000e+0, 5.08058e+0, 0.00000e+0, 8.81300e+1, 0.00000e+0, 2.00000e+1, 1.70000e+1, 3, 4, 
2023/07/24 16:20:41.955, 9.44819e+2, 0.00000e+0, 4.84373e+2, 0.00000e+0, 9.74254e+3, 0.00000e+0, 9.54115e+2, 0.00000e+0, 4.89139e+2, 0.00000e+0, 5.00662e+2, 0.00000e+0, 3.29012e+1, 0.00000e+0, 3.80044e+1, 0.00000e+0, 4.33423e+0, 0.00000e+0, 3.03096e+0, 0.00000e+0, 0.00000e+0, -2.97317e-1, 0.00000e+0, -4.91448e+0, 0.00000e+0, 9.83865e-2, 0.00000e+0, 5.07923e+0, 0.00000e+0, 8.80492e+1, 0.00000e+0, 2.00000e+1, 1.70000e+1, 3, 5, 
2023/07/24 16:20:52.088, 9.43369e+2, 0.00000e+0, 4.84669e+2, 0.00000e+0, 9.94045e+3, 0.00000e+0, 9.52841e+2, 0.00000e+0, 4.89535e+2, 0.00000e+0, 5.00667e+2, 0.00000e+0, 3.29374e+1, 0.00000e+0, 3.80034e+1, 0.00000e+0, 4.33445e+0, 0.00000e+0, 3.03087e+0, 0.00000e+0, 0.00000e+0, -2.97286e-1, 0.00000e+0, -4.91446e+0, 0.00000e+0, 9.86193e-2, 0.00000e+0, 5.07776e+0, 0.00000e+0, 8.79620e+1, 0.00000e+0, 2.00000e+1, 1.70000e+1, 3, 6, 
2023/07/24 16:21:02.258, 9.42869e+2, 0.00000e+0, 4.85370e+2, 0.00000e+0, 1.00274e+4, 0.00000e+0, 9.52419e+2, 0.00000e+0, 4.90287e+2, 0.00000e+0, 5.00657e+2, 0.00000e+0, 3.29772e+1, 0.00000e+0, 3.80257e+1, 0.00000e+0, 4.33401e+0, 0.00000e+0, 3.03074e+0, 0.00000e+0, 0.00000e+0, -2.97253e-1, 0.00000e+0, -4.91443e+0, 0.00000e+0, 9.84058e-2, 0.00000e+0, 5.07617e+0, 0.00000e+0, 8.78675e+1, 0.00000e+0, 2.00000e+1, 1.70000e+1, 3, 7, 
2023/07/24 16:21:12.457, 9.42447e+2, 0.00000e+0, 4.86115e+2, 0.00000e+0, 1.00273e+4, 0.00000e+0, 9.51993e+2, 0.00000e+0, 4.91039e+2, 0.00000e+0, 5.00603e+2, 0.00000e+0, 3.30178e+1, 0.00000e+0, 3.80709e+1, 0.00000e+0, 4.33439e+0, 0.00000e+0, 3.03124e+0, 0.00000e+0, 0.00000e+0, -2.97219e-1, 0.00000e+0, -4.91441e+0, 0.00000e+0, 9.80392e-2, 0.00000e+0, 5.07450e+0, 0.00000e+0, 8.77677e+1, 0.00000e+0, 2.00000e+1, 1.70000e+1, 3, 8, 
2023/07/24 16:21:22.554, 9.41266e+2, 0.00000e+0, 4.86844e+2, 0.00000e+0, 9.74478e+3, 0.00000e+0, 9.50529e+2, 0.00000e+0, 4.91635e+2, 0.00000e+0, 5.00585e+2, 0.00000e+0, 3.30571e+1, 0.00000e+0, 3.81074e+1, 0.00000e+0, 4.33581e+0, 0.00000e+0, 3.03112e+0, 0.00000e+0, 0.00000e+0, -2.97199e-1, 0.00000e+0, -4.91438e+0, 0.00000e+0, 9.90197e-2, 0.00000e+0, 5.07313e+0, 0.00000e+0, 8.76863e+1, 0.00000e+0, 2.00000e+1, 1.70000e+1, 3, 1, 
2023/07/24 16:21:32.755, 9.40542e+2, 0.00000e+0, 4.87320e+2, 0.00000e+0, 9.84887e+3, 0.00000e+0, 9.49898e+2, 0.00000e+0, 4.92167e+2, 0.00000e+0, 5.00576e+2, 0.00000e+0, 3.30954e+1, 0.00000e+0, 3.81231e+1, 0.00000e+0, 4.33466e+0, 0.00000e+0, 3.03100e+0, 0.00000e+0, 0.00000e+0, -2.97181e-1, 0.00000e+0, -4.91435e+0, 0.00000e+0, 9.80488e-2, 0.00000e+0, 5.07141e+0, 0.00000e+0, 8.75836e+1, 0.00000e+0, 2.00000e+1, 1.70000e+1, 3, 2, 
2023/07/24 16:21:42.859, 9.39895e+2, 0.00000e+0, 4.87628e+2, 0.00000e+0, 1.00167e+4, 0.00000e+0, 9.49405e+2, 0.00000e+0, 4.92562e+2, 0.00000e+0, 5.00595e+2, 0.00000e+0, 3.31339e+1, 0.00000e+0, 3.81423e+1, 0.00000e+0, 4.33327e+0, 0.00000e+0, 3.03131e+0, 0.00000e+0, 0.00000e+0, -2.97160e-1, 0.00000e+0, -4.91435e+0, 0.00000e+0, 9.90295e-2, 0.00000e+0, 5.06985e+0, 0.00000e+0, 8.74908e+1, 0.00000e+0, 2.00000e+1, 1.70000e+1, 3, 3, 
2023/07/24 16:21:53.054, 9.39370e+2, 0.00000e+0, 4.88208e+2, 0.00000e+0, 6.99362e+3, 0.00000e+0, 9.45986e+2, 0.00000e+0, 4.91646e+2, 0.00000e+0, 5.00653e+2, 0.00000e+0, 3.31708e+1, 0.00000e+0, 3.81623e+1, 0.00000e+0, 4.33130e+0, 0.00000e+0, 3.03119e+0, 0.00000e+0, 0.00000e+0, -2.97138e-1, 0.00000e+0, -4.91435e+0, 0.00000e+0, 9.80392e-2, 0.00000e+0, 5.06859e+0, 0.00000e+0, 8.74163e+1, 0.00000e+0, 2.00000e+1, 1.70000e+1, 3, 4, 
2023/07/24 16:22:03.161, 9.38745e+2, 0.00000e+0, 4.88247e+2, 0.00000e+0, 7.04982e+3, 0.00000e+0, 9.45410e+2, 0.00000e+0, 4.91713e+2, 0.00000e+0, 5.00634e+2, 0.00000e+0, 3.32081e+1, 0.00000e+0, 3.81850e+1, 0.00000e+0, 4.33165e+0, 0.00000e+0, 3.03163e+0, 0.00000e+0, 0.00000e+0, -2.97116e-1, 0.00000e+0, -4.91435e+0, 0.00000e+0, 9.90001e-2, 0.00000e+0, 5.06693e+0, 0.00000e+0, 8.73171e+1, 0.00000e+0, 2.00000e+1, 1.70000e+1, 3, 5, 
2023/07/24 16:22:13.357, 9.38340e+2, 0.00000e+0, 4.88653e+2, 0.00000e+0, 7.12263e+3, 0.00000e+0, 9.45071e+2, 0.00000e+0, 4.92158e+2, 0.00000e+0, 5.00644e+2, 0.00000e+0, 3.32485e+1, 0.00000e+0, 3.82089e+1, 0.00000e+0, 4.33004e+0, 0.00000e+0, 3.03179e+0, 0.00000e+0, 0.00000e+0, -2.97089e-1, 0.00000e+0, -4.91435e+0, 0.00000e+0, 9.80008e-2, 0.00000e+0, 5.06540e+0, 0.00000e+0, 8.72265e+1, 0.00000e+0, 2.00000e+1, 1.70000e+1, 3, 6, 
2023/07/24 16:22:23.463, 9.36860e+2, 0.00000e+0, 4.88592e+2, 0.00000e+0, 7.22859e+3, 0.00000e+0, 9.43682e+2, 0.00000e+0, 4.92149e+2, 0.00000e+0, 5.00609e+2, 0.00000e+0, 3.32879e+1, 0.00000e+0, 3.82332e+1, 0.00000e+0, 4.33231e+0, 0.00000e+0, 3.03134e+0, 0.00000e+0, 0.00000e+0, -2.97065e-1, 0.00000e+0, -4.91435e+0, 0.00000e+0, 9.90197e-2, 0.00000e+0, 5.06391e+0, 0.00000e+0, 8.71376e+1, 0.00000e+0, 2.00000e+1, 1.70000e+1, 3, 7, 
2023/07/24 16:22:33.655, 9.36349e+2, 0.00000e+0, 4.88750e+2, 0.00000e+0, 7.34586e+3, 0.00000e+0, 9.43279e+2, 0.00000e+0, 4.92367e+2, 0.00000e+0, 5.00595e+2, 0.00000e+0, 3.33248e+1, 0.00000e+0, 3.82424e+1, 0.00000e+0, 4.32917e+0, 0.00000e+0, 3.03158e+0, 0.00000e+0, 0.00000e+0, -2.97040e-1, 0.00000e+0, -4.91435e+0, 0.00000e+0, 9.81258e-2, 0.00000e+0, 5.06229e+0, 0.00000e+0, 8.70414e+1, 0.00000e+0, 2.00000e+1, 1.70000e+1, 3, 8, 
2023/07/24 16:22:43.768, 9.35430e+2, 0.00000e+0, 4.88959e+2, 0.00000e+0, 7.48571e+3, 0.00000e+0, 9.42485e+2, 0.00000e+0, 4.92647e+2, 0.00000e+0, 5.00573e+2, 0.00000e+0, 3.33632e+1, 0.00000e+0, 3.82736e+1, 0.00000e+0, 4.32967e+0, 0.00000e+0, 3.03153e+0, 0.00000e+0, 0.00000e+0, -2.97012e-1, 0.00000e+0, -4.91435e+0, 0.00000e+0, 9.88728e-2, 0.00000e+0, 5.06073e+0, 0.00000e+0, 8.69481e+1, 0.00000e+0, 2.00000e+1, 1.70000e+1, 3, 1, 
2023/07/24 16:22:53.956, 9.34667e+2, 0.00000e+0, 4.88885e+2, 0.00000e+0, 7.58651e+3, 0.00000e+0, 9.41812e+2, 0.00000e+0, 4.92622e+2, 0.00000e+0, 5.00608e+2, 0.00000e+0, 3.34029e+1, 0.00000e+0, 3.83122e+1, 0.00000e+0, 4.32807e+0, 0.00000e+0, 3.03141e+0, 0.00000e+0, 0.00000e+0, -2.96984e-1, 0.00000e+0, -4.91435e+0, 0.00000e+0, 9.81451e-2, 0.00000e+0, 5.05922e+0, 0.00000e+0, 8.68582e+1, 0.00000e+0, 2.00000e+1, 1.70000e+1, 3, 2, 
2023/07/24 16:23:04.071, 9.33656e+2, 0.00000e+0, 4.89088e+2, 0.00000e+0, 7.77447e+3, 0.00000e+0, 9.40971e+2, 0.00000e+0, 4.92921e+2, 0.00000e+0, 5.00632e+2, 0.00000e+0, 3.34391e+1, 0.00000e+0, 3.83333e+1, 0.00000e+0, 4.32788e+0, 0.00000e+0, 3.03162e+0, 0.00000e+0, 0.00000e+0, -2.96957e-1, 0.00000e+0, -4.91435e+0, 0.00000e+0, 9.88533e-2, 0.00000e+0, 5.05753e+0, 0.00000e+0, 8.67579e+1, 0.00000e+0, 2.00000e+1, 1.70000e+1, 3, 3, 
2023/07/24 16:23:14.255, 9.33283e+2, 0.00000e+0, 4.88672e+2, 0.00000e+0, 7.90524e+3, 0.00000e+0, 9.40719e+2, 0.00000e+0, 4.92565e+2, 0.00000e+0, 5.00633e+2, 0.00000e+0, 3.34737e+1, 0.00000e+0, 3.83299e+1, 0.00000e+0, 4.32492e+0, 0.00000e+0, 3.03161e+0, 0.00000e+0, 0.00000e+0, -2.96926e-1, 0.00000e+0, -4.91435e+0, 0.00000e+0, 9.81836e-2, 0.00000e+0, 5.05600e+0, 0.00000e+0, 8.66668e+1, 0.00000e+0, 2.00000e+1, 1.70000e+1, 3, 4, 
2023/07/24 16:23:24.375, 9.31518e+2, 0.00000e+0, 4.88808e+2, 0.00000e+0, 1.03917e+4, 0.00000e+0, 9.41300e+2, 0.00000e+0, 4.93941e+2, 0.00000e+0, 5.00620e+2, 0.00000e+0, 3.35110e+1, 0.00000e+0, 3.83603e+1, 0.00000e+0, 4.32666e+0, 0.00000e+0, 3.03169e+0, 0.00000e+0, 0.00000e+0, -2.96912e-1, 0.00000e+0, -4.91435e+0, 0.00000e+0, 9.88045e-2, 0.00000e+0, 5.05447e+0, 0.00000e+0, 8.65755e+1, 0.00000e+0, 2.00000e+1, 1.70000e+1, 3, 5, 
2023/07/24 16:23:34.556, 9.30861e+2, 0.00000e+0, 4.89018e+2, 0.00000e+0, 1.03980e+4, 0.00000e+0, 9.40642e+2, 0.00000e+0, 4.94156e+2, 0.00000e+0, 5.00611e+2, 0.00000e+0, 3.35483e+1, 0.00000e+0, 3.83918e+1, 0.00000e+0, 4.32568e+0, 0.00000e+0, 3.03154e+0, 0.00000e+0, 0.00000e+0, -2.96898e-1, 0.00000e+0, -4.91435e+0, 0.00000e+0, 9.82222e-2, 0.00000e+0, 5.05288e+0, 0.00000e+0, 8.64812e+1, 0.00000e+0, 2.00000e+1, 1.70000e+1, 3, 6, 
2023/07/24 16:23:44.680, 9.30216e+2, 0.00000e+0, 4.89589e+2, 0.00000e+0, 1.05421e+4, 0.00000e+0, 9.40127e+2, 0.00000e+0, 4.94806e+2, 0.00000e+0, 5.00563e+2, 0.00000e+0, 3.35876e+1, 0.00000e+0, 3.84319e+1, 0.00000e+0, 4.32359e+0, 0.00000e+0, 3.03176e+0, 0.00000e+0, 0.00000e+0, -2.96883e-1, 0.00000e+0, -4.91435e+0, 0.00000e+0, 9.87752e-2, 0.00000e+0, 5.05147e+0, 0.00000e+0, 8.63971e+1, 0.00000e+0, 2.00000e+1, 1.70000e+1, 3, 7, 
2023/07/24 16:23:54.857, 9.29211e+2, 0.00000e+0, 4.89966e+2, 0.00000e+0, 1.05474e+4, 0.00000e+0, 9.39117e+2, 0.00000e+0, 4.95189e+2, 0.00000e+0, 5.00577e+2, 0.00000e+0, 3.36251e+1, 0.00000e+0, 3.84693e+1, 0.00000e+0, 4.32381e+0, 0.00000e+0, 3.03153e+0, 0.00000e+0, 0.00000e+0, -2.96868e-1, 0.00000e+0, -4.91434e+0, 0.00000e+0, 9.83284e-2, 0.00000e+0, 5.04985e+0, 0.00000e+0, 8.63005e+1, 0.00000e+0, 2.00000e+1, 1.70000e+1, 3, 8, 
2023/07/24 16:24:04.985, 9.28029e+2, 0.00000e+0, 4.90200e+2, 0.00000e+0, 1.05948e+4, 0.00000e+0, 9.37967e+2, 0.00000e+0, 4.95450e+2, 0.00000e+0, 5.00578e+2, 0.00000e+0, 3.36594e+1, 0.00000e+0, 3.84652e+1, 0.00000e+0, 4.32505e+0, 0.00000e+0, 3.03172e+0, 0.00000e+0, 0.00000e+0, -2.96852e-1, 0.00000e+0, -4.91433e+0, 0.00000e+0, 9.86680e-2, 0.00000e+0, 5.04816e+0, 0.00000e+0, 8.62001e+1, 0.00000e+0, 2.00000e+1, 1.70000e+1, 3, 1, 
2023/07/24 16:24:15.160, 9.27538e+2, 0.00000e+0, 4.91130e+2, 0.00000e+0, 7.92233e+3, 0.00000e+0, 9.34945e+2, 0.00000e+0, 4.95052e+2, 0.00000e+0, 5.00625e+2, 0.00000e+0, 3.36942e+1, 0.00000e+0, 3.84710e+1, 0.00000e+0, 4.32435e+0, 0.00000e+0, 3.03128e+0, 0.00000e+0, 0.00000e+0, -2.96833e-1, 0.00000e+0, -4.91431e+0, 0.00000e+0, 9.83187e-2, 0.00000e+0, 5.04655e+0, 0.00000e+0, 8.61042e+1, 0.00000e+0, 2.00000e+1, 1.70000e+1, 3, 2, 
2023/07/24 16:24:25.352, 9.27077e+2, 0.00000e+0, 4.91442e+2, 0.00000e+0, 1.07280e+4, 0.00000e+0, 9.37130e+2, 0.00000e+0, 4.96771e+2, 0.00000e+0, 5.00620e+2, 0.00000e+0, 3.37326e+1, 0.00000e+0, 3.84981e+1, 0.00000e+0, 4.32317e+0, 0.00000e+0, 3.03164e+0, 0.00000e+0, 0.00000e+0, -2.96815e-1, 0.00000e+0, -4.91429e+0, 0.00000e+0, 9.81065e-2, 0.00000e+0, 5.04463e+0, 0.00000e+0, 8.59901e+1, 0.00000e+0, 2.00000e+1, 1.70000e+1, 3, 3, 
2023/07/24 16:24:35.456, 9.26251e+2, 0.00000e+0, 4.92031e+2, 0.00000e+0, 1.09194e+4, 0.00000e+0, 9.36477e+2, 0.00000e+0, 4.97463e+2, 0.00000e+0, 5.00611e+2, 0.00000e+0, 3.37751e+1, 0.00000e+0, 3.85634e+1, 0.00000e+0, 4.32343e+0, 0.00000e+0, 3.03153e+0, 0.00000e+0, 0.00000e+0, -2.96795e-1, 0.00000e+0, -4.91427e+0, 0.00000e+0, 9.90197e-2, 0.00000e+0, 5.04300e+0, 0.00000e+0, 8.58928e+1, 0.00000e+0, 2.00000e+1, 1.70000e+1, 3, 4, 
2023/07/24 16:24:45.654, 9.25315e+2, 0.00000e+0, 4.92545e+2, 0.00000e+0, 1.09127e+4, 0.00000e+0, 9.35524e+2, 0.00000e+0, 4.97979e+2, 0.00000e+0, 5.00560e+2, 0.00000e+0, 3.38178e+1, 0.00000e+0, 3.86477e+1, 0.00000e+0, 4.32326e+0, 0.00000e+0, 3.03168e+0, 0.00000e+0, 0.00000e+0, -2.96778e-1, 0.00000e+0, -4.91425e+0, 0.00000e+0, 9.80200e-2, 0.00000e+0, 5.04137e+0, 0.00000e+0, 8.57961e+1, 0.00000e+0, 2.00000e+1, 1.70000e+1, 3, 5, 
2023/07/24 16:24:55.755, 9.25281e+2, 0.00000e+0, 4.93182e+2, 0.00000e+0, 8.21295e+3, 0.00000e+0, 9.32944e+2, 0.00000e+0, 4.97266e+2, 0.00000e+0, 5.00527e+2, 0.00000e+0, 3.38592e+1, 0.00000e+0, 3.87531e+1, 0.00000e+0, 4.32214e+0, 0.00000e+0, 3.03219e+0, 0.00000e+0, 0.00000e+0, -2.96760e-1, 0.00000e+0, -4.91422e+0, 0.00000e+0, 9.90197e-2, 0.00000e+0, 5.04013e+0, 0.00000e+0, 8.57223e+1, 0.00000e+0, 2.00000e+1, 1.70000e+1, 3, 6, 
2023/07/24 16:25:05.956, 9.24616e+2, 0.00000e+0, 4.93934e+2, 0.00000e+0, 8.28067e+3, 0.00000e+0, 9.32337e+2, 0.00000e+0, 4.98058e+2, 0.00000e+0, 5.00503e+2, 0.00000e+0, 3.38962e+1, 0.00000e+0, 3.88477e+1, 0.00000e+0, 4.32255e+0, 0.00000e+0, 3.03194e+0, 0.00000e+0, 0.00000e+0, -2.96740e-1, 0.00000e+0, -4.91418e+0, 0.00000e+0, 9.80488e-2, 0.00000e+0, 5.03913e+0, 0.00000e+0, 8.56623e+1, 0.00000e+0, 2.00000e+1, 1.70000e+1, 3, 7, 
2023/07/24 16:25:16.056, 9.24564e+2, 0.00000e+0, 4.94870e+2, 0.00000e+0, 8.15080e+3, 0.00000e+0, 9.32162e+2, 0.00000e+0, 4.98936e+2, 0.00000e+0, 5.00550e+2, 0.00000e+0, 3.39334e+1, 0.00000e+0, 3.89299e+1, 0.00000e+0, 4.32318e+0, 0.00000e+0, 3.03213e+0, 0.00000e+0, 0.00000e+0, -2.96717e-1, 0.00000e+0, -4.91413e+0, 0.00000e+0, 9.89805e-2, 0.00000e+0, 5.03802e+0, 0.00000e+0, 8.55962e+1, 0.00000e+0, 2.00000e+1, 1.70000e+1, 3, 8, 
2023/07/24 16:25:26.254, 9.24587e+2, 0.00000e+0, 4.95313e+2, 0.00000e+0, 8.14964e+3, 0.00000e+0, 9.32184e+2, 0.00000e+0, 4.99383e+2, 0.00000e+0, 5.00589e+2, 0.00000e+0, 3.39707e+1, 0.00000e+0, 3.89896e+1, 0.00000e+0, 4.32253e+0, 0.00000e+0, 3.03244e+0, 0.00000e+0, 0.00000e+0, -2.96689e-1, 0.00000e+0, -4.91407e+0, 0.00000e+0, 9.80200e-2, 0.00000e+0, 5.03678e+0, 0.00000e+0, 8.55223e+1, 0.00000e+0, 2.00000e+1, 1.70000e+1, 3, 1, 
2023/07/24 16:25:36.360, 9.23715e+2, 0.00000e+0, 4.95123e+2, 0.00000e+0, 8.39944e+3, 0.00000e+0, 9.31539e+2, 0.00000e+0, 4.99317e+2, 0.00000e+0, 5.00608e+2, 0.00000e+0, 3.40063e+1, 0.00000e+0, 3.90454e+1, 0.00000e+0, 4.32143e+0, 0.00000e+0, 3.03200e+0, 0.00000e+0, 0.00000e+0, -2.96657e-1, 0.00000e+0, -4.91401e+0, 0.00000e+0, 9.90393e-2, 0.00000e+0, 5.03550e+0, 0.00000e+0, 8.54467e+1, 0.00000e+0, 2.00000e+1, 1.70000e+1, 3, 2, 
2023/07/24 16:25:46.551, 9.22970e+2, 0.00000e+0, 4.95448e+2, 0.00000e+0, 8.55706e+3, 0.00000e+0, 9.30936e+2, 0.00000e+0, 4.99724e+2, 0.00000e+0, 5.00571e+2, 0.00000e+0, 3.40434e+1, 0.00000e+0, 3.90985e+1, 0.00000e+0, 4.32105e+0, 0.00000e+0, 3.03167e+0, 0.00000e+0, 0.00000e+0, -2.96619e-1, 0.00000e+0, -4.91395e+0, 0.00000e+0, 9.81451e-2, 0.00000e+0, 5.03415e+0, 0.00000e+0, 8.53660e+1, 0.00000e+0, 2.00000e+1, 1.70000e+1, 3, 3, 
2023/07/24 16:25:56.663, 9.21613e+2, 0.00000e+0, 4.95832e+2, 0.00000e+0, 8.32118e+3, 0.00000e+0, 9.29346e+2, 0.00000e+0, 4.99992e+2, 0.00000e+0, 5.00560e+2, 0.00000e+0, 3.40807e+1, 0.00000e+0, 3.91316e+1, 0.00000e+0, 4.32211e+0, 0.00000e+0, 3.03175e+0, 0.00000e+0, 0.00000e+0, -2.96595e-1, 0.00000e+0, -4.91390e+0, 0.00000e+0, 9.88435e-2, 0.00000e+0, 5.03280e+0, 0.00000e+0, 8.52859e+1, 0.00000e+0, 2.00000e+1, 1.70000e+1, 3, 4, 
2023/07/24 16:26:06.858, 9.21730e+2, 0.00000e+0, 4.96630e+2, 0.00000e+0, 8.19904e+3, 0.00000e+0, 9.29350e+2, 0.00000e+0, 5.00736e+2, 0.00000e+0, 5.00515e+2, 0.00000e+0, 3.41147e+1, 0.00000e+0, 3.91553e+1, 0.00000e+0, 4.32120e+0, 0.00000e+0, 3.03164e+0, 0.00000e+0, 0.00000e+0, -2.96567e-1, 0.00000e+0, -4.91384e+0, 0.00000e+0, 9.81162e-2, 0.00000e+0, 5.03127e+0, 0.00000e+0, 8.51947e+1, 0.00000e+0, 2.00000e+1, 1.70000e+1, 3, 5, 
2023/07/24 16:26:16.968, 9.20455e+2, 0.00000e+0, 4.95083e+2, 0.00000e+0, 9.13248e+3, 0.00000e+0, 9.28938e+2, 0.00000e+0, 4.99646e+2, 0.00000e+0, 5.00492e+2, 0.00000e+0, 3.41503e+1, 0.00000e+0, 3.91908e+1, 0.00000e+0, 4.31495e+0, 0.00000e+0, 3.03151e+0, 0.00000e+0, 0.00000e+0, -2.96533e-1, 0.00000e+0, -4.91377e+0, 0.00000e+0, 9.88728e-2, 0.00000e+0, 5.03000e+0, 0.00000e+0, 8.51191e+1, 0.00000e+0, 2.00000e+1, 1.70000e+1, 3, 6, 
2023/07/24 16:26:27.160, 9.16794e+2, 0.00000e+0, 4.91251e+2, 0.00000e+0, 1.36916e+4, 0.00000e+0, 9.29520e+2, 0.00000e+0, 4.98071e+2, 0.00000e+0, 5.00519e+2, 0.00000e+0, 3.41881e+1, 0.00000e+0, 3.92338e+1, 0.00000e+0, 4.30516e+0, 0.00000e+0, 3.03070e+0, 0.00000e+0, 0.00000e+0, -2.96494e-1, 0.00000e+0, -4.91370e+0, 0.00000e+0, 9.81836e-2, 0.00000e+0, 5.02858e+0, 0.00000e+0, 8.50346e+1, 0.00000e+0, 2.00000e+1, 1.70000e+1, 3, 7, 
2023/07/24 16:26:37.273, 9.16436e+2, 0.00000e+0, 4.91897e+2, 0.00000e+0, 1.36943e+4, 0.00000e+0, 9.29160e+2, 0.00000e+0, 4.98727e+2, 0.00000e+0, 5.00543e+2, 0.00000e+0, 3.42243e+1, 0.00000e+0, 3.92745e+1, 0.00000e+0, 4.30507e+0, 0.00000e+0, 3.03055e+0, 0.00000e+0, 0.00000e+0, -2.96451e-1, 0.00000e+0, -4.91365e+0, 0.00000e+0, 9.88435e-2, 0.00000e+0, 5.02719e+0, 0.00000e+0, 8.49518e+1, 0.00000e+0, 2.00000e+1, 1.70000e+1, 3, 8, 
2023/07/24 16:26:47.452, 9.16117e+2, 0.00000e+0, 4.92519e+2, 0.00000e+0, 1.37225e+4, 0.00000e+0, 9.28863e+2, 0.00000e+0, 4.99371e+2, 0.00000e+0, 5.00570e+2, 0.00000e+0, 3.42592e+1, 0.00000e+0, 3.92746e+1, 0.00000e+0, 4.30381e+0, 0.00000e+0, 3.03111e+0, 0.00000e+0, 0.00000e+0, -2.96405e-1, 0.00000e+0, -4.91360e+0, 0.00000e+0, 9.82898e-2, 0.00000e+0, 5.02571e+0, 0.00000e+0, 8.48636e+1, 0.00000e+0, 2.00000e+1, 1.70000e+1, 3, 1, 
2023/07/24 16:26:57.577, 9.15752e+2, 0.00000e+0, 4.93931e+2, 0.00000e+0, 1.35343e+4, 0.00000e+0, 9.28316e+2, 0.00000e+0, 5.00708e+2, 0.00000e+0, 5.00550e+2, 0.00000e+0, 3.42967e+1, 0.00000e+0, 3.92818e+1, 0.00000e+0, 4.30558e+0, 0.00000e+0, 3.03083e+0, 0.00000e+0, 0.00000e+0, -2.96356e-1, 0.00000e+0, -4.91354e+0, 0.00000e+0, 9.87167e-2, 0.00000e+0, 5.02421e+0, 0.00000e+0, 8.47742e+1, 0.00000e+0, 2.00000e+1, 1.70000e+1, 3, 2, 
2023/07/24 16:27:07.752, 9.15581e+2, 0.00000e+0, 4.94903e+2, 0.00000e+0, 1.34479e+4, 0.00000e+0, 9.28062e+2, 0.00000e+0, 5.01649e+2, 0.00000e+0, 5.00550e+2, 0.00000e+0, 3.43356e+1, 0.00000e+0, 3.93319e+1, 0.00000e+0, 4.30537e+0, 0.00000e+0, 3.03116e+0, 0.00000e+0, 0.00000e+0, -2.96304e-1, 0.00000e+0, -4.91348e+0, 0.00000e+0, 9.83284e-2, 0.00000e+0, 5.02255e+0, 0.00000e+0, 8.46757e+1, 0.00000e+0, 2.00000e+1, 1.70000e+1, 3, 3, 
2023/07/24 16:27:17.881, 9.15243e+2, 0.00000e+0, 4.95717e+2, 0.00000e+0, 1.34848e+4, 0.00000e+0, 9.27753e+2, 0.00000e+0, 5.02493e+2, 0.00000e+0, 5.00517e+2, 0.00000e+0, 3.43738e+1, 0.00000e+0, 3.94041e+1, 0.00000e+0, 4.30507e+0, 0.00000e+0, 3.03100e+0, 0.00000e+0, 0.00000e+0, -2.96247e-1, 0.00000e+0, -4.91342e+0, 0.00000e+0, 9.86777e-2, 0.00000e+0, 5.02097e+0, 0.00000e+0, 8.45815e+1, 0.00000e+0, 2.00000e+1, 1.70000e+1, 3, 4, 
2023/07/24 16:27:28.052, 9.14224e+2, 0.00000e+0, 4.96819e+2, 0.00000e+0, 1.31252e+4, 0.00000e+0, 9.26383e+2, 0.00000e+0, 5.03426e+2, 0.00000e+0, 5.00498e+2, 0.00000e+0, 3.44083e+1, 0.00000e+0, 3.94466e+1, 0.00000e+0, 4.30645e+0, 0.00000e+0, 3.03096e+0, 0.00000e+0, 0.00000e+0, -2.96205e-1, 0.00000e+0, -4.91335e+0, 0.00000e+0, 9.83671e-2, 0.00000e+0, 5.01879e+0, 0.00000e+0, 8.44515e+1, 0.00000e+0, 2.00000e+1, 1.70000e+1, 3, 5, 
2023/07/24 16:27:38.185, 9.14404e+2, 0.00000e+0, 4.97656e+2, 0.00000e+0, 1.32274e+4, 0.00000e+0, 9.26661e+2, 0.00000e+0, 5.04327e+2, 0.00000e+0, 5.00498e+2, 0.00000e+0, 3.44447e+1, 0.00000e+0, 3.94856e+1, 0.00000e+0, 4.30563e+0, 0.00000e+0, 3.03116e+0, 0.00000e+0, 0.00000e+0, -2.96152e-1, 0.00000e+0, -4.91328e+0, 0.00000e+0, 9.86875e-2, 0.00000e+0, 5.01776e+0, 0.00000e+0, 8.43907e+1, 0.00000e+0, 2.00000e+1, 1.70000e+1, 3, 6, 
2023/07/24 16:27:48.371, 9.12956e+2, 0.00000e+0, 4.98306e+2, 0.00000e+0, 1.32035e+4, 0.00000e+0, 9.25171e+2, 0.00000e+0, 5.04973e+2, 0.00000e+0, 5.00510e+2, 0.00000e+0, 3.44849e+1, 0.00000e+0, 3.95596e+1, 0.00000e+0, 4.30785e+0, 0.00000e+0, 3.03165e+0, 0.00000e+0, 0.00000e+0, -2.96104e-1, 0.00000e+0, -4.91323e+0, 0.00000e+0, 9.82125e-2, 0.00000e+0, 5.01646e+0, 0.00000e+0, 8.43132e+1, 0.00000e+0, 2.00000e+1, 1.70000e+1, 3, 7, 
2023/07/24 16:27:58.556, 9.11699e+2, 0.00000e+0, 4.98889e+2, 0.00000e+0, 1.33790e+4, 0.00000e+0, 9.24062e+2, 0.00000e+0, 5.05654e+2, 0.00000e+0, 5.00526e+2, 0.00000e+0, 3.45245e+1, 0.00000e+0, 3.96430e+1, 0.00000e+0, 4.30888e+0, 0.00000e+0, 3.03132e+0, 0.00000e+0, 0.00000e+0, -2.96054e-1, 0.00000e+0, -4.91316e+0, 0.00000e+0, 9.80969e-2, 0.00000e+0, 5.01512e+0, 0.00000e+0, 8.42336e+1, 0.00000e+0, 2.00000e+1, 1.70000e+1, 3, 8, 
2023/07/24 16:28:08.655, 9.11381e+2, 0.00000e+0, 4.99544e+2, 0.00000e+0, 1.35898e+4, 0.00000e+0, 9.23937e+2, 0.00000e+0, 5.06426e+2, 0.00000e+0, 5.00534e+2, 0.00000e+0, 3.45632e+1, 0.00000e+0, 3.97286e+1, 0.00000e+0, 4.30726e+0, 0.00000e+0, 3.03129e+0, 0.00000e+0, 0.00000e+0, -2.96002e-1, 0.00000e+0, -4.91309e+0, 0.00000e+0, 9.90393e-2, 0.00000e+0, 5.01372e+0, 0.00000e+0, 8.41503e+1, 0.00000e+0, 2.00000e+1, 1.70000e+1, 3, 1, 
2023/07/24 16:28:18.851, 9.10985e+2, 0.00000e+0, 4.99650e+2, 0.00000e+0, 1.11948e+4, 0.00000e+0, 9.21299e+2, 0.00000e+0, 5.05307e+2, 0.00000e+0, 5.00519e+2, 0.00000e+0, 3.45995e+1, 0.00000e+0, 3.97981e+1, 0.00000e+0, 4.30513e+0, 0.00000e+0, 3.03129e+0, 0.00000e+0, 0.00000e+0, -2.95947e-1, 0.00000e+0, -4.91304e+0, 0.00000e+0, 9.81065e-2, 0.00000e+0, 5.01240e+0, 0.00000e+0, 8.40717e+1, 0.00000e+0, 2.00000e+1, 1.70000e+1, 3, 2, 
2023/07/24 16:28:28.957, 9.09590e+2, 0.00000e+0, 4.99760e+2, 0.00000e+0, 1.09847e+4, 0.00000e+0, 9.19693e+2, 0.00000e+0, 5.05311e+2, 0.00000e+0, 5.00496e+2, 0.00000e+0, 3.46383e+1, 0.00000e+0, 3.98626e+1, 0.00000e+0, 4.30623e+0, 0.00000e+0, 3.03120e+0, 0.00000e+0, 0.00000e+0, -2.95906e-1, 0.00000e+0, -4.91297e+0, 0.00000e+0, 9.89511e-2, 0.00000e+0, 5.01116e+0, 0.00000e+0, 8.39979e+1, 0.00000e+0, 2.00000e+1, 1.70000e+1, 3, 3, 
2023/07/24 16:28:39.153, 9.09636e+2, 0.00000e+0, 4.99914e+2, 0.00000e+0, 1.11651e+4, 0.00000e+0, 9.19907e+2, 0.00000e+0, 5.05559e+2, 0.00000e+0, 5.00460e+2, 0.00000e+0, 3.46766e+1, 0.00000e+0, 3.99408e+1, 0.00000e+0, 4.30291e+0, 0.00000e+0, 3.03120e+0, 0.00000e+0, 0.00000e+0, -2.95861e-1, 0.00000e+0, -4.91291e+0, 0.00000e+0, 9.80969e-2, 0.00000e+0, 5.00984e+0, 0.00000e+0, 8.39191e+1, 0.00000e+0, 2.00000e+1, 1.70000e+1, 3, 4, 
2023/07/24 16:28:49.256, 9.08348e+2, 0.00000e+0, 4.99985e+2, 0.00000e+0, 1.13215e+4, 0.00000e+0, 9.18750e+2, 0.00000e+0, 5.05710e+2, 0.00000e+0, 5.00451e+2, 0.00000e+0, 3.47126e+1, 0.00000e+0, 3.99927e+1, 0.00000e+0, 4.30480e+0, 0.00000e+0, 3.03110e+0, 0.00000e+0, 0.00000e+0, -2.95813e-1, 0.00000e+0, -4.91283e+0, 0.00000e+0, 9.89609e-2, 0.00000e+0, 5.00842e+0, 0.00000e+0, 8.38347e+1, 0.00000e+0, 2.00000e+1, 1.70000e+1, 3, 5, 
2023/07/24 16:28:59.453, 9.07910e+2, 0.00000e+0, 5.00267e+2, 0.00000e+0, 1.13861e+4, 0.00000e+0, 9.18367e+2, 0.00000e+0, 5.06028e+2, 0.00000e+0, 5.00498e+2, 0.00000e+0, 3.47509e+1, 0.00000e+0, 4.00434e+1, 0.00000e+0, 4.30409e+0, 0.00000e+0, 3.03121e+0, 0.00000e+0, 0.00000e+0, -2.95760e-1, 0.00000e+0, -4.91275e+0, 0.00000e+0, 9.79720e-2, 0.00000e+0, 5.00708e+0, 0.00000e+0, 8.37550e+1, 0.00000e+0, 2.00000e+1, 1.70000e+1, 3, 6, 
2023/07/24 16:29:09.560, 9.07620e+2, 0.00000e+0, 5.00538e+2, 0.00000e+0, 1.14279e+4, 0.00000e+0, 9.18112e+2, 0.00000e+0, 5.06324e+2, 0.00000e+0, 5.00519e+2, 0.00000e+0, 3.47890e+1, 0.00000e+0, 4.00990e+1, 0.00000e+0, 4.30267e+0, 0.00000e+0, 3.03073e+0, 0.00000e+0, 0.00000e+0, -2.95705e-1, 0.00000e+0, -4.91268e+0, 0.00000e+0, 9.90589e-2, 0.00000e+0, 5.00549e+0, 0.00000e+0, 8.36604e+1, 0.00000e+0, 2.00000e+1, 1.70000e+1, 3, 7, 
2023/07/24 16:29:19.757, 9.07323e+2, 0.00000e+0, 5.00836e+2, 0.00000e+0, 1.15172e+4, 0.00000e+0, 9.17895e+2, 0.00000e+0, 5.06671e+2, 0.00000e+0, 5.00505e+2, 0.00000e+0, 3.48245e+1, 0.00000e+0, 4.01316e+1, 0.00000e+0, 4.30230e+0, 0.00000e+0, 3.03122e+0, 0.00000e+0, 0.00000e+0, -2.95644e-1, 0.00000e+0, -4.91261e+0, 0.00000e+0, 9.81162e-2, 0.00000e+0, 5.00384e+0, 0.00000e+0, 8.35618e+1, 0.00000e+0, 2.00000e+1, 1.70000e+1, 3, 8, 
2023/07/24 16:29:29.864, 9.06174e+2, 0.00000e+0, 5.01190e+2, 0.00000e+0, 1.12854e+4, 0.00000e+0, 9.16517e+2, 0.00000e+0, 5.06911e+2, 0.00000e+0, 5.00480e+2, 0.00000e+0, 3.48628e+1, 0.00000e+0, 4.01857e+1, 0.00000e+0, 4.30315e+0, 0.00000e+0, 3.03134e+0, 0.00000e+0, 0.00000e+0, -2.95595e-1, 0.00000e+0, -4.91252e+0, 0.00000e+0, 9.89315e-2, 0.00000e+0, 5.00225e+0, 0.00000e+0, 8.34671e+1, 0.00000e+0, 2.00000e+1, 1.70000e+1, 3, 1, 
2023/07/24 16:29:40.061, 9.05445e+2, 0.00000e+0, 5.01291e+2, 0.00000e+0, 1.14040e+4, 0.00000e+0, 9.15890e+2, 0.00000e+0, 5.07074e+2, 0.00000e+0, 5.00433e+2, 0.00000e+0, 3.49004e+1, 0.00000e+0, 4.02237e+1, 0.00000e+0, 4.30292e+0, 0.00000e+0, 3.03132e+0, 0.00000e+0, 0.00000e+0, -2.95542e-1, 0.00000e+0, -4.91243e+0, 0.00000e+0, 9.80104e-2, 0.00000e+0, 5.00166e+0, 0.00000e+0, 8.34324e+1, 0.00000e+0, 2.00000e+1, 1.70000e+1, 3, 2, 
2023/07/24 16:29:50.169, 9.04617e+2, 0.00000e+0, 5.01428e+2, 0.00000e+0, 1.37342e+4, 0.00000e+0, 9.17214e+2, 0.00000e+0, 5.08410e+2, 0.00000e+0, 5.00399e+2, 0.00000e+0, 3.49387e+1, 0.00000e+0, 4.02844e+1, 0.00000e+0, 4.30225e+0, 0.00000e+0, 3.03134e+0, 0.00000e+0, 0.00000e+0, -2.95490e-1, 0.00000e+0, -4.91237e+0, 0.00000e+0, 9.89413e-2, 0.00000e+0, 5.00095e+0, 0.00000e+0, 8.33900e+1, 0.00000e+0, 2.00000e+1, 1.70000e+1, 3, 3, 
2023/07/24 16:30:00.353, 9.04360e+2, 0.00000e+0, 5.01808e+2, 0.00000e+0, 1.38332e+4, 0.00000e+0, 9.17046e+2, 0.00000e+0, 5.08847e+2, 0.00000e+0, 5.00414e+2, 0.00000e+0, 3.49782e+1, 0.00000e+0, 4.03494e+1, 0.00000e+0, 4.30043e+0, 0.00000e+0, 3.03176e+0, 0.00000e+0, 0.00000e+0, -2.95435e-1, 0.00000e+0, -4.91230e+0, 0.00000e+0, 9.82415e-2, 0.00000e+0, 5.00009e+0, 0.00000e+0, 8.33388e+1, 0.00000e+0, 2.00000e+1, 1.70000e+1, 3, 4, 

