SN:3K430000012749 BD:Apr 19 2021 VC:7d9ffae MD5:34e03199e6006f2831fb02c414d62259
                     Time,      [CH4]_ppm,   [CH4]_ppm_sd,      [CO2]_ppm,   [CO2]_ppm_sd,      [H2O]_ppm,   [H2O]_ppm_sd,     [CH4]d_ppm,  [CH4]d_ppm_sd,     [CO2]d_ppm,  [CO2]d_ppm_sd,      GasP_torr,   GasP_torr_sd,         GasT_C,      GasT_C_sd,         AmbT_C,      AmbT_C_sd,         RD0_us,      RD0_us_sd,         RD1_us,      RD1_us_sd,     RD0_raw_us,         LTC0_v,      LTC0_v_sd,         LTC1_v,      LTC1_v_sd,             HZ,          HZ_sd,         Batt_v,      Batt_v_sd,        BattPer,     BattPer_sd, Temp_Status_mA,Analyzer_Status_mA,       Fit_Flag,      MIU_VALVE,       MIU_DESC
2023/07/24 19:28:18.883, 3.80778e+2, 0.00000e+0, 6.26336e+2, 0.00000e+0, 3.94553e+4, 0.00000e+0, 3.96419e+2, 0.00000e+0, 6.52063e+2, 0.00000e+0, 5.00503e+2, 0.00000e+0, 3.69252e+1, 0.00000e+0, 3.98573e+1, 0.00000e+0, 3.90887e+0, 0.00000e+0, 3.03493e+0, 0.00000e+0, 0.00000e+0, -2.95411e-1, 0.00000e+0, -4.91194e+0, 0.00000e+0, 9.88338e-2, 0.00000e+0, 4.84369e+0, 0.00000e+0, 7.40290e+1, 0.00000e+0, 2.00000e+1, 2.00000e+1, 3, 3, 
2023/07/24 19:28:29.064, 3.80525e+2, 0.00000e+0, 6.26379e+2, 0.00000e+0, 3.93749e+4, 0.00000e+0, 3.96122e+2, 0.00000e+0, 6.52054e+2, 0.00000e+0, 5.00509e+2, 0.00000e+0, 3.69288e+1, 0.00000e+0, 3.98354e+1, 0.00000e+0, 3.90843e+0, 0.00000e+0, 3.03506e+0, 0.00000e+0, 0.00000e+0, -2.95411e-1, 0.00000e+0, -4.91192e+0, 0.00000e+0, 9.82415e-2, 0.00000e+0, 4.84256e+0, 0.00000e+0, 7.39621e+1, 0.00000e+0, 2.00000e+1, 2.00000e+1, 3, 4, 
2023/07/24 19:28:39.187, 3.80201e+2, 0.00000e+0, 6.26700e+2, 0.00000e+0, 3.92559e+4, 0.00000e+0, 3.95736e+2, 0.00000e+0, 6.52307e+2, 0.00000e+0, 5.00489e+2, 0.00000e+0, 3.69261e+1, 0.00000e+0, 3.98180e+1, 0.00000e+0, 3.90827e+0, 0.00000e+0, 3.03508e+0, 0.00000e+0, 0.00000e+0, -2.95411e-1, 0.00000e+0, -4.91192e+0, 0.00000e+0, 9.87947e-2, 0.00000e+0, 4.84121e+0, 0.00000e+0, 7.38816e+1, 0.00000e+0, 2.00000e+1, 2.00000e+1, 3, 5, 
2023/07/24 19:28:49.364, 3.79892e+2, 0.00000e+0, 6.27046e+2, 0.00000e+0, 3.90980e+4, 0.00000e+0, 3.95350e+2, 0.00000e+0, 6.52560e+2, 0.00000e+0, 5.00473e+2, 0.00000e+0, 3.69290e+1, 0.00000e+0, 3.98189e+1, 0.00000e+0, 3.90817e+0, 0.00000e+0, 3.03502e+0, 0.00000e+0, 0.00000e+0, -2.95411e-1, 0.00000e+0, -4.91192e+0, 0.00000e+0, 9.82898e-2, 0.00000e+0, 4.83974e+0, 0.00000e+0, 7.37940e+1, 0.00000e+0, 2.00000e+1, 2.00000e+1, 3, 6, 
2023/07/24 19:28:59.498, 3.79625e+2, 0.00000e+0, 6.27210e+2, 0.00000e+0, 3.90178e+4, 0.00000e+0, 3.95039e+2, 0.00000e+0, 6.52676e+2, 0.00000e+0, 5.00457e+2, 0.00000e+0, 3.69328e+1, 0.00000e+0, 3.98284e+1, 0.00000e+0, 3.90783e+0, 0.00000e+0, 3.03490e+0, 0.00000e+0, 0.00000e+0, -2.95411e-1, 0.00000e+0, -4.91192e+0, 0.00000e+0, 9.86680e-2, 0.00000e+0, 4.83824e+0, 0.00000e+0, 7.37047e+1, 0.00000e+0, 2.00000e+1, 2.00000e+1, 3, 7, 
2023/07/24 19:29:09.666, 3.79221e+2, 0.00000e+0, 6.27196e+2, 0.00000e+0, 3.89575e+4, 0.00000e+0, 3.94593e+2, 0.00000e+0, 6.52620e+2, 0.00000e+0, 5.00476e+2, 0.00000e+0, 3.69376e+1, 0.00000e+0, 3.98152e+1, 0.00000e+0, 3.90811e+0, 0.00000e+0, 3.03508e+0, 0.00000e+0, 0.00000e+0, -2.95411e-1, 0.00000e+0, -4.91192e+0, 0.00000e+0, 9.83671e-2, 0.00000e+0, 4.83692e+0, 0.00000e+0, 7.36262e+1, 0.00000e+0, 2.00000e+1, 2.00000e+1, 3, 8, 
2023/07/24 19:29:19.865, 3.78896e+2, 0.00000e+0, 6.26854e+2, 0.00000e+0, 3.90310e+4, 0.00000e+0, 3.94286e+2, 0.00000e+0, 6.52315e+2, 0.00000e+0, 5.00497e+2, 0.00000e+0, 3.69371e+1, 0.00000e+0, 3.98482e+1, 0.00000e+0, 3.90738e+0, 0.00000e+0, 3.03537e+0, 0.00000e+0, 0.00000e+0, -2.95411e-1, 0.00000e+0, -4.91192e+0, 0.00000e+0, 9.80296e-2, 0.00000e+0, 4.83555e+0, 0.00000e+0, 7.35446e+1, 0.00000e+0, 2.00000e+1, 2.00000e+1, 3, 1, 
2023/07/24 19:29:29.968, 3.78589e+2, 0.00000e+0, 6.26754e+2, 0.00000e+0, 3.90004e+4, 0.00000e+0, 3.93954e+2, 0.00000e+0, 6.52189e+2, 0.00000e+0, 5.00519e+2, 0.00000e+0, 3.69395e+1, 0.00000e+0, 3.98478e+1, 0.00000e+0, 3.90672e+0, 0.00000e+0, 3.03519e+0, 0.00000e+0, 0.00000e+0, -2.95411e-1, 0.00000e+0, -4.91192e+0, 0.00000e+0, 9.90295e-2, 0.00000e+0, 4.83416e+0, 0.00000e+0, 7.34618e+1, 0.00000e+0, 2.00000e+1, 2.00000e+1, 3, 2, 
2023/07/24 19:29:40.165, 3.78477e+2, 0.00000e+0, 6.27323e+2, 0.00000e+0, 3.72993e+4, 0.00000e+0, 3.93141e+2, 0.00000e+0, 6.51628e+2, 0.00000e+0, 5.00519e+2, 0.00000e+0, 3.69442e+1, 0.00000e+0, 3.97983e+1, 0.00000e+0, 3.90645e+0, 0.00000e+0, 3.03485e+0, 0.00000e+0, 0.00000e+0, -2.95411e-1, 0.00000e+0, -4.91192e+0, 0.00000e+0, 9.80584e-2, 0.00000e+0, 4.83253e+0, 0.00000e+0, 7.33651e+1, 0.00000e+0, 2.00000e+1, 2.00000e+1, 3, 3, 
2023/07/24 19:29:50.264, 3.78207e+2, 0.00000e+0, 6.27468e+2, 0.00000e+0, 3.70746e+4, 0.00000e+0, 3.92769e+2, 0.00000e+0, 6.51627e+2, 0.00000e+0, 5.00502e+2, 0.00000e+0, 3.69457e+1, 0.00000e+0, 3.97793e+1, 0.00000e+0, 3.90698e+0, 0.00000e+0, 3.03515e+0, 0.00000e+0, 0.00000e+0, -2.95402e-1, 0.00000e+0, -4.91192e+0, 0.00000e+0, 9.89805e-2, 0.00000e+0, 4.83124e+0, 0.00000e+0, 7.32883e+1, 0.00000e+0, 2.00000e+1, 2.00000e+1, 3, 4, 
2023/07/24 19:30:00.465, 3.77931e+2, 0.00000e+0, 6.27451e+2, 0.00000e+0, 3.69468e+4, 0.00000e+0, 3.92430e+2, 0.00000e+0, 6.51523e+2, 0.00000e+0, 5.00468e+2, 0.00000e+0, 3.69428e+1, 0.00000e+0, 3.97924e+1, 0.00000e+0, 3.90658e+0, 0.00000e+0, 3.03505e+0, 0.00000e+0, 0.00000e+0, -2.95402e-1, 0.00000e+0, -4.91192e+0, 0.00000e+0, 9.80777e-2, 0.00000e+0, 4.82974e+0, 0.00000e+0, 7.31987e+1, 0.00000e+0, 2.00000e+1, 2.00000e+1, 3, 5, 
2023/07/24 19:30:10.569, 3.77685e+2, 0.00000e+0, 6.27399e+2, 0.00000e+0, 3.68662e+4, 0.00000e+0, 3.92141e+2, 0.00000e+0, 6.51414e+2, 0.00000e+0, 5.00428e+2, 0.00000e+0, 3.69482e+1, 0.00000e+0, 3.98210e+1, 0.00000e+0, 3.90628e+0, 0.00000e+0, 3.03499e+0, 0.00000e+0, 0.00000e+0, -2.95393e-1, 0.00000e+0, -4.91192e+0, 0.00000e+0, 9.89218e-2, 0.00000e+0, 4.82836e+0, 0.00000e+0, 7.31167e+1, 0.00000e+0, 2.00000e+1, 2.00000e+1, 3, 6, 
2023/07/24 19:30:20.768, 3.77428e+2, 0.00000e+0, 6.27169e+2, 0.00000e+0, 3.67852e+4, 0.00000e+0, 3.91842e+2, 0.00000e+0, 6.51121e+2, 0.00000e+0, 5.00459e+2, 0.00000e+0, 3.69468e+1, 0.00000e+0, 3.98382e+1, 0.00000e+0, 3.90551e+0, 0.00000e+0, 3.03500e+0, 0.00000e+0, 0.00000e+0, -2.95382e-1, 0.00000e+0, -4.91192e+0, 0.00000e+0, 9.81258e-2, 0.00000e+0, 4.82684e+0, 0.00000e+0, 7.30259e+1, 0.00000e+0, 2.00000e+1, 2.00000e+1, 3, 7, 
2023/07/24 19:30:30.874, 3.76799e+2, 0.00000e+0, 6.25962e+2, 0.00000e+0, 3.87303e+4, 0.00000e+0, 3.91980e+2, 0.00000e+0, 6.51182e+2, 0.00000e+0, 5.00488e+2, 0.00000e+0, 3.69506e+1, 0.00000e+0, 3.98368e+1, 0.00000e+0, 3.90500e+0, 0.00000e+0, 3.03483e+0, 0.00000e+0, 0.00000e+0, -2.95371e-1, 0.00000e+0, -4.91192e+0, 0.00000e+0, 9.89413e-2, 0.00000e+0, 4.82527e+0, 0.00000e+0, 7.29328e+1, 0.00000e+0, 2.00000e+1, 2.00000e+1, 3, 8, 
2023/07/24 19:30:41.070, 3.76423e+2, 0.00000e+0, 6.25793e+2, 0.00000e+0, 3.88415e+4, 0.00000e+0, 3.91635e+2, 0.00000e+0, 6.51082e+2, 0.00000e+0, 5.00528e+2, 0.00000e+0, 3.69535e+1, 0.00000e+0, 3.98635e+1, 0.00000e+0, 3.90423e+0, 0.00000e+0, 3.03467e+0, 0.00000e+0, 0.00000e+0, -2.95360e-1, 0.00000e+0, -4.91192e+0, 0.00000e+0, 9.80969e-2, 0.00000e+0, 4.82383e+0, 0.00000e+0, 7.28472e+1, 0.00000e+0, 2.00000e+1, 2.00000e+1, 3, 1, 
2023/07/24 19:30:51.177, 3.76165e+2, 0.00000e+0, 6.25734e+2, 0.00000e+0, 3.88475e+4, 0.00000e+0, 3.91368e+2, 0.00000e+0, 6.51025e+2, 0.00000e+0, 5.00523e+2, 0.00000e+0, 3.69567e+1, 0.00000e+0, 3.98345e+1, 0.00000e+0, 3.90329e+0, 0.00000e+0, 3.03507e+0, 0.00000e+0, 0.00000e+0, -2.95349e-1, 0.00000e+0, -4.91192e+0, 0.00000e+0, 9.88826e-2, 0.00000e+0, 4.82214e+0, 0.00000e+0, 7.27467e+1, 0.00000e+0, 2.00000e+1, 2.00000e+1, 3, 2, 
2023/07/24 19:31:01.367, 3.75883e+2, 0.00000e+0, 6.25776e+2, 0.00000e+0, 3.88600e+4, 0.00000e+0, 3.91081e+2, 0.00000e+0, 6.51077e+2, 0.00000e+0, 5.00488e+2, 0.00000e+0, 3.69601e+1, 0.00000e+0, 3.98652e+1, 0.00000e+0, 3.90337e+0, 0.00000e+0, 3.03455e+0, 0.00000e+0, 0.00000e+0, -2.95338e-1, 0.00000e+0, -4.91192e+0, 0.00000e+0, 9.81258e-2, 0.00000e+0, 4.82048e+0, 0.00000e+0, 7.26475e+1, 0.00000e+0, 2.00000e+1, 2.00000e+1, 3, 3, 
2023/07/24 19:31:11.481, 3.75587e+2, 0.00000e+0, 6.25853e+2, 0.00000e+0, 3.72586e+4, 0.00000e+0, 3.90123e+2, 0.00000e+0, 6.50074e+2, 0.00000e+0, 5.00469e+2, 0.00000e+0, 3.69686e+1, 0.00000e+0, 3.98928e+1, 0.00000e+0, 3.90307e+0, 0.00000e+0, 3.03495e+0, 0.00000e+0, 0.00000e+0, -2.95328e-1, 0.00000e+0, -4.91192e+0, 0.00000e+0, 9.88924e-2, 0.00000e+0, 4.81896e+0, 0.00000e+0, 7.25569e+1, 0.00000e+0, 2.00000e+1, 2.00000e+1, 3, 4, 
2023/07/24 19:31:21.669, 3.75370e+2, 0.00000e+0, 6.25903e+2, 0.00000e+0, 3.72104e+4, 0.00000e+0, 3.89878e+2, 0.00000e+0, 6.50093e+2, 0.00000e+0, 5.00418e+2, 0.00000e+0, 3.69700e+1, 0.00000e+0, 3.99089e+1, 0.00000e+0, 3.90273e+0, 0.00000e+0, 3.03489e+0, 0.00000e+0, 0.00000e+0, -2.95317e-1, 0.00000e+0, -4.91192e+0, 0.00000e+0, 9.82222e-2, 0.00000e+0, 4.81787e+0, 0.00000e+0, 7.24922e+1, 0.00000e+0, 2.00000e+1, 2.00000e+1, 3, 5, 
2023/07/24 19:31:31.786, 3.74941e+2, 0.00000e+0, 6.25797e+2, 0.00000e+0, 3.72118e+4, 0.00000e+0, 3.89432e+2, 0.00000e+0, 6.49984e+2, 0.00000e+0, 5.00426e+2, 0.00000e+0, 3.69678e+1, 0.00000e+0, 3.99463e+1, 0.00000e+0, 3.90289e+0, 0.00000e+0, 3.03497e+0, 0.00000e+0, 0.00000e+0, -2.95306e-1, 0.00000e+0, -4.91192e+0, 0.00000e+0, 9.87752e-2, 0.00000e+0, 4.81670e+0, 0.00000e+0, 7.24224e+1, 0.00000e+0, 2.00000e+1, 2.00000e+1, 3, 6, 
2023/07/24 19:31:41.959, 3.74657e+2, 0.00000e+0, 6.25828e+2, 0.00000e+0, 3.72094e+4, 0.00000e+0, 3.89137e+2, 0.00000e+0, 6.50015e+2, 0.00000e+0, 5.00454e+2, 0.00000e+0, 3.69687e+1, 0.00000e+0, 3.99605e+1, 0.00000e+0, 3.90218e+0, 0.00000e+0, 3.03492e+0, 0.00000e+0, 0.00000e+0, -2.95294e-1, 0.00000e+0, -4.91192e+0, 0.00000e+0, 9.83671e-2, 0.00000e+0, 4.81505e+0, 0.00000e+0, 7.23242e+1, 0.00000e+0, 2.00000e+1, 2.00000e+1, 3, 7, 
2023/07/24 19:31:52.090, 3.74440e+2, 0.00000e+0, 6.26055e+2, 0.00000e+0, 3.72646e+4, 0.00000e+0, 3.88933e+2, 0.00000e+0, 6.50288e+2, 0.00000e+0, 5.00484e+2, 0.00000e+0, 3.69734e+1, 0.00000e+0, 3.99842e+1, 0.00000e+0, 3.90150e+0, 0.00000e+0, 3.03475e+0, 0.00000e+0, 0.00000e+0, -2.95278e-1, 0.00000e+0, -4.91192e+0, 0.00000e+0, 9.86388e-2, 0.00000e+0, 4.81366e+0, 0.00000e+0, 7.22420e+1, 0.00000e+0, 2.00000e+1, 2.00000e+1, 3, 8, 
2023/07/24 19:32:02.266, 3.74128e+2, 0.00000e+0, 6.25947e+2, 0.00000e+0, 3.73173e+4, 0.00000e+0, 3.88630e+2, 0.00000e+0, 6.50211e+2, 0.00000e+0, 5.00510e+2, 0.00000e+0, 3.69743e+1, 0.00000e+0, 3.99731e+1, 0.00000e+0, 3.90086e+0, 0.00000e+0, 3.03476e+0, 0.00000e+0, 0.00000e+0, -2.95261e-1, 0.00000e+0, -4.91192e+0, 0.00000e+0, 9.83478e-2, 0.00000e+0, 4.81214e+0, 0.00000e+0, 7.21511e+1, 0.00000e+0, 2.00000e+1, 2.00000e+1, 3, 1, 
2023/07/24 19:32:12.461, 3.73898e+2, 0.00000e+0, 6.26091e+2, 0.00000e+0, 3.73065e+4, 0.00000e+0, 3.88387e+2, 0.00000e+0, 6.50353e+2, 0.00000e+0, 5.00509e+2, 0.00000e+0, 3.69775e+1, 0.00000e+0, 3.99731e+1, 0.00000e+0, 3.90022e+0, 0.00000e+0, 3.03467e+0, 0.00000e+0, 0.00000e+0, -2.95243e-1, 0.00000e+0, -4.91192e+0, 0.00000e+0, 9.80584e-2, 0.00000e+0, 4.81059e+0, 0.00000e+0, 7.20592e+1, 0.00000e+0, 2.00000e+1, 2.00000e+1, 3, 2, 
2023/07/24 19:32:22.570, 3.73591e+2, 0.00000e+0, 6.26250e+2, 0.00000e+0, 3.71888e+4, 0.00000e+0, 3.88021e+2, 0.00000e+0, 6.50439e+2, 0.00000e+0, 5.00491e+2, 0.00000e+0, 3.69820e+1, 0.00000e+0, 3.99689e+1, 0.00000e+0, 3.90015e+0, 0.00000e+0, 3.03496e+0, 0.00000e+0, 0.00000e+0, -2.95225e-1, 0.00000e+0, -4.91192e+0, 0.00000e+0, 9.89707e-2, 0.00000e+0, 4.80933e+0, 0.00000e+0, 7.19842e+1, 0.00000e+0, 2.00000e+1, 2.00000e+1, 3, 3, 
2023/07/24 19:32:32.762, 3.73350e+2, 0.00000e+0, 6.26386e+2, 0.00000e+0, 3.70914e+4, 0.00000e+0, 3.87732e+2, 0.00000e+0, 6.50515e+2, 0.00000e+0, 5.00448e+2, 0.00000e+0, 3.69827e+1, 0.00000e+0, 4.00135e+1, 0.00000e+0, 3.89994e+0, 0.00000e+0, 3.03480e+0, 0.00000e+0, 0.00000e+0, -2.95208e-1, 0.00000e+0, -4.91192e+0, 0.00000e+0, 9.80969e-2, 0.00000e+0, 4.80749e+0, 0.00000e+0, 7.18747e+1, 0.00000e+0, 2.00000e+1, 2.00000e+1, 3, 4, 
2023/07/24 19:32:42.864, 3.73143e+2, 0.00000e+0, 6.26271e+2, 0.00000e+0, 3.70780e+4, 0.00000e+0, 3.87511e+2, 0.00000e+0, 6.50386e+2, 0.00000e+0, 5.00427e+2, 0.00000e+0, 3.69888e+1, 0.00000e+0, 4.00383e+1, 0.00000e+0, 3.89977e+0, 0.00000e+0, 3.03472e+0, 0.00000e+0, 0.00000e+0, -2.95188e-1, 0.00000e+0, -4.91191e+0, 0.00000e+0, 9.89805e-2, 0.00000e+0, 4.80601e+0, 0.00000e+0, 7.17863e+1, 0.00000e+0, 2.00000e+1, 2.00000e+1, 3, 5, 
2023/07/24 19:32:53.063, 3.72688e+2, 0.00000e+0, 6.25830e+2, 0.00000e+0, 3.71092e+4, 0.00000e+0, 3.87051e+2, 0.00000e+0, 6.49949e+2, 0.00000e+0, 5.00445e+2, 0.00000e+0, 3.69902e+1, 0.00000e+0, 4.00421e+1, 0.00000e+0, 3.89907e+0, 0.00000e+0, 3.03468e+0, 0.00000e+0, 0.00000e+0, -2.95170e-1, 0.00000e+0, -4.91191e+0, 0.00000e+0, 9.80873e-2, 0.00000e+0, 4.80485e+0, 0.00000e+0, 7.17173e+1, 0.00000e+0, 2.00000e+1, 2.00000e+1, 3, 6, 
2023/07/24 19:33:03.170, 3.65872e+2, 0.00000e+0, 6.20105e+2, 0.00000e+0, 3.56686e+4, 0.00000e+0, 3.79405e+2, 0.00000e+0, 6.43041e+2, 0.00000e+0, 5.00484e+2, 0.00000e+0, 3.69941e+1, 0.00000e+0, 4.00318e+1, 0.00000e+0, 3.89166e+0, 0.00000e+0, 3.03476e+0, 0.00000e+0, 0.00000e+0, -2.95151e-1, 0.00000e+0, -4.91191e+0, 0.00000e+0, 9.89413e-2, 0.00000e+0, 4.80338e+0, 0.00000e+0, 7.16297e+1, 0.00000e+0, 2.00000e+1, 2.00000e+1, 3, 7, 
2023/07/24 19:33:13.370, 3.60691e+2, 0.00000e+0, 6.16065e+2, 0.00000e+0, 3.56513e+4, 0.00000e+0, 3.74025e+2, 0.00000e+0, 6.38840e+2, 0.00000e+0, 5.00503e+2, 0.00000e+0, 3.69951e+1, 0.00000e+0, 4.00452e+1, 0.00000e+0, 3.88575e+0, 0.00000e+0, 3.03474e+0, 0.00000e+0, 0.00000e+0, -2.95134e-1, 0.00000e+0, -4.91191e+0, 0.00000e+0, 9.80392e-2, 0.00000e+0, 4.80225e+0, 0.00000e+0, 7.15627e+1, 0.00000e+0, 2.00000e+1, 2.00000e+1, 3, 8, 
2023/07/24 19:33:23.471, 3.60246e+2, 0.00000e+0, 6.15903e+2, 0.00000e+0, 3.55416e+4, 0.00000e+0, 3.73522e+2, 0.00000e+0, 6.38600e+2, 0.00000e+0, 5.00505e+2, 0.00000e+0, 3.69994e+1, 0.00000e+0, 4.00470e+1, 0.00000e+0, 3.88591e+0, 0.00000e+0, 3.03501e+0, 0.00000e+0, 0.00000e+0, -2.95120e-1, 0.00000e+0, -4.91191e+0, 0.00000e+0, 9.89903e-2, 0.00000e+0, 4.80091e+0, 0.00000e+0, 7.14825e+1, 0.00000e+0, 2.00000e+1, 2.00000e+1, 3, 1, 
2023/07/24 19:33:33.670, 3.59998e+2, 0.00000e+0, 6.16056e+2, 0.00000e+0, 3.54100e+4, 0.00000e+0, 3.73213e+2, 0.00000e+0, 6.38672e+2, 0.00000e+0, 5.00465e+2, 0.00000e+0, 3.70039e+1, 0.00000e+0, 4.00709e+1, 0.00000e+0, 3.88575e+0, 0.00000e+0, 3.03481e+0, 0.00000e+0, 0.00000e+0, -2.95107e-1, 0.00000e+0, -4.91191e+0, 0.00000e+0, 9.80584e-2, 0.00000e+0, 4.79950e+0, 0.00000e+0, 7.13990e+1, 0.00000e+0, 2.00000e+1, 2.00000e+1, 3, 2, 
2023/07/24 19:33:43.776, 3.59512e+2, 0.00000e+0, 6.16189e+2, 0.00000e+0, 3.52100e+4, 0.00000e+0, 3.72633e+2, 0.00000e+0, 6.38677e+2, 0.00000e+0, 5.00433e+2, 0.00000e+0, 3.70043e+1, 0.00000e+0, 4.00934e+1, 0.00000e+0, 3.88608e+0, 0.00000e+0, 3.03466e+0, 0.00000e+0, 0.00000e+0, -2.95107e-1, 0.00000e+0, -4.91191e+0, 0.00000e+0, 9.89218e-2, 0.00000e+0, 4.79814e+0, 0.00000e+0, 7.13178e+1, 0.00000e+0, 2.00000e+1, 2.00000e+1, 3, 3, 
2023/07/24 19:33:53.971, 3.59247e+2, 0.00000e+0, 6.16097e+2, 0.00000e+0, 3.51912e+4, 0.00000e+0, 3.72351e+2, 0.00000e+0, 6.38569e+2, 0.00000e+0, 5.00438e+2, 0.00000e+0, 3.70061e+1, 0.00000e+0, 4.01010e+1, 0.00000e+0, 3.88562e+0, 0.00000e+0, 3.03454e+0, 0.00000e+0, 0.00000e+0, -2.95107e-1, 0.00000e+0, -4.91191e+0, 0.00000e+0, 9.81547e-2, 0.00000e+0, 4.79666e+0, 0.00000e+0, 7.12298e+1, 0.00000e+0, 2.00000e+1, 2.00000e+1, 3, 4, 
2023/07/24 19:34:04.081, 3.58886e+2, 0.00000e+0, 6.15910e+2, 0.00000e+0, 3.51327e+4, 0.00000e+0, 3.71954e+2, 0.00000e+0, 6.38336e+2, 0.00000e+0, 5.00449e+2, 0.00000e+0, 3.70086e+1, 0.00000e+0, 4.00914e+1, 0.00000e+0, 3.88568e+0, 0.00000e+0, 3.03471e+0, 0.00000e+0, 0.00000e+0, -2.95107e-1, 0.00000e+0, -4.91191e+0, 0.00000e+0, 9.88728e-2, 0.00000e+0, 4.79504e+0, 0.00000e+0, 7.11336e+1, 0.00000e+0, 2.00000e+1, 2.00000e+1, 3, 5, 
2023/07/24 19:34:14.264, 3.58617e+2, 0.00000e+0, 6.15895e+2, 0.00000e+0, 3.51182e+4, 0.00000e+0, 3.71669e+2, 0.00000e+0, 6.38311e+2, 0.00000e+0, 5.00484e+2, 0.00000e+0, 3.70106e+1, 0.00000e+0, 4.00765e+1, 0.00000e+0, 3.88462e+0, 0.00000e+0, 3.03456e+0, 0.00000e+0, 0.00000e+0, -2.95107e-1, 0.00000e+0, -4.91191e+0, 0.00000e+0, 9.82511e-2, 0.00000e+0, 4.79364e+0, 0.00000e+0, 7.10498e+1, 0.00000e+0, 2.00000e+1, 2.00000e+1, 3, 6, 
2023/07/24 19:34:24.384, 3.57473e+2, 0.00000e+0, 6.12285e+2, 0.00000e+0, 3.83852e+4, 0.00000e+0, 3.71742e+2, 0.00000e+0, 6.36726e+2, 0.00000e+0, 5.00485e+2, 0.00000e+0, 3.70162e+1, 0.00000e+0, 4.00598e+1, 0.00000e+0, 3.88213e+0, 0.00000e+0, 3.03429e+0, 0.00000e+0, 0.00000e+0, -2.95107e-1, 0.00000e+0, -4.91191e+0, 0.00000e+0, 9.87752e-2, 0.00000e+0, 4.79208e+0, 0.00000e+0, 7.09573e+1, 0.00000e+0, 2.00000e+1, 2.00000e+1, 3, 7, 
2023/07/24 19:34:34.567, 3.57045e+2, 0.00000e+0, 6.12061e+2, 0.00000e+0, 3.85391e+4, 0.00000e+0, 3.71356e+2, 0.00000e+0, 6.36595e+2, 0.00000e+0, 5.00488e+2, 0.00000e+0, 3.70189e+1, 0.00000e+0, 4.00564e+1, 0.00000e+0, 3.88160e+0, 0.00000e+0, 3.03436e+0, 0.00000e+0, 0.00000e+0, -2.95107e-1, 0.00000e+0, -4.91191e+0, 0.00000e+0, 9.82222e-2, 0.00000e+0, 4.79051e+0, 0.00000e+0, 7.08636e+1, 0.00000e+0, 2.00000e+1, 2.00000e+1, 3, 8, 
2023/07/24 19:34:44.689, 3.56951e+2, 0.00000e+0, 6.13098e+2, 0.00000e+0, 3.81355e+4, 0.00000e+0, 3.71103e+2, 0.00000e+0, 6.37406e+2, 0.00000e+0, 5.00458e+2, 0.00000e+0, 3.70244e+1, 0.00000e+0, 4.00393e+1, 0.00000e+0, 3.88173e+0, 0.00000e+0, 3.03465e+0, 0.00000e+0, 0.00000e+0, -2.95107e-1, 0.00000e+0, -4.91191e+0, 0.00000e+0, 9.87849e-2, 0.00000e+0, 4.78916e+0, 0.00000e+0, 7.07835e+1, 0.00000e+0, 2.00000e+1, 2.00000e+1, 3, 1, 
2023/07/24 19:34:54.865, 3.56735e+2, 0.00000e+0, 6.13842e+2, 0.00000e+0, 3.79640e+4, 0.00000e+0, 3.70813e+2, 0.00000e+0, 6.38066e+2, 0.00000e+0, 5.00426e+2, 0.00000e+0, 3.70260e+1, 0.00000e+0, 4.00404e+1, 0.00000e+0, 3.88134e+0, 0.00000e+0, 3.03443e+0, 0.00000e+0, 0.00000e+0, -2.95107e-1, 0.00000e+0, -4.91191e+0, 0.00000e+0, 9.82704e-2, 0.00000e+0, 4.78782e+0, 0.00000e+0, 7.07038e+1, 0.00000e+0, 2.00000e+1, 2.00000e+1, 3, 2, 
2023/07/24 19:35:04.993, 3.56448e+2, 0.00000e+0, 6.14285e+2, 0.00000e+0, 3.78240e+4, 0.00000e+0, 3.70460e+2, 0.00000e+0, 6.38433e+2, 0.00000e+0, 5.00402e+2, 0.00000e+0, 3.70265e+1, 0.00000e+0, 4.00791e+1, 0.00000e+0, 3.88159e+0, 0.00000e+0, 3.03455e+0, 0.00000e+0, 0.00000e+0, -2.95107e-1, 0.00000e+0, -4.91191e+0, 0.00000e+0, 9.87459e-2, 0.00000e+0, 4.78622e+0, 0.00000e+0, 7.06083e+1, 0.00000e+0, 2.00000e+1, 2.00000e+1, 3, 3, 
2023/07/24 19:35:15.167, 3.56274e+2, 0.00000e+0, 6.14940e+2, 0.00000e+0, 3.76036e+4, 0.00000e+0, 3.70194e+2, 0.00000e+0, 6.38967e+2, 0.00000e+0, 5.00444e+2, 0.00000e+0, 3.70309e+1, 0.00000e+0, 4.01027e+1, 0.00000e+0, 3.88143e+0, 0.00000e+0, 3.03484e+0, 0.00000e+0, 0.00000e+0, -2.95107e-1, 0.00000e+0, -4.91191e+0, 0.00000e+0, 9.83381e-2, 0.00000e+0, 4.78488e+0, 0.00000e+0, 7.05286e+1, 0.00000e+0, 2.00000e+1, 2.00000e+1, 3, 4, 
2023/07/24 19:35:25.363, 3.56015e+2, 0.00000e+0, 6.15615e+2, 0.00000e+0, 3.57534e+4, 0.00000e+0, 3.69215e+2, 0.00000e+0, 6.38441e+2, 0.00000e+0, 5.00436e+2, 0.00000e+0, 3.70315e+1, 0.00000e+0, 4.00901e+1, 0.00000e+0, 3.88137e+0, 0.00000e+0, 3.03496e+0, 0.00000e+0, 0.00000e+0, -2.95107e-1, 0.00000e+0, -4.91191e+0, 0.00000e+0, 9.80873e-2, 0.00000e+0, 4.78305e+0, 0.00000e+0, 7.04199e+1, 0.00000e+0, 2.00000e+1, 2.00000e+1, 3, 5, 
2023/07/24 19:35:35.465, 3.55720e+2, 0.00000e+0, 6.16007e+2, 0.00000e+0, 3.56293e+4, 0.00000e+0, 3.68862e+2, 0.00000e+0, 6.38766e+2, 0.00000e+0, 5.00477e+2, 0.00000e+0, 3.70347e+1, 0.00000e+0, 4.01013e+1, 0.00000e+0, 3.88146e+0, 0.00000e+0, 3.03461e+0, 0.00000e+0, 0.00000e+0, -2.95107e-1, 0.00000e+0, -4.91191e+0, 0.00000e+0, 9.89903e-2, 0.00000e+0, 4.78136e+0, 0.00000e+0, 7.03189e+1, 0.00000e+0, 2.00000e+1, 2.00000e+1, 3, 6, 
2023/07/24 19:35:45.666, 3.55422e+2, 0.00000e+0, 6.16084e+2, 0.00000e+0, 3.56164e+4, 0.00000e+0, 3.68548e+2, 0.00000e+0, 6.38837e+2, 0.00000e+0, 5.00467e+2, 0.00000e+0, 3.70372e+1, 0.00000e+0, 4.00931e+1, 0.00000e+0, 3.88120e+0, 0.00000e+0, 3.03469e+0, 0.00000e+0, 0.00000e+0, -2.95107e-1, 0.00000e+0, -4.91191e+0, 0.00000e+0, 9.79912e-2, 0.00000e+0, 4.77937e+0, 0.00000e+0, 7.02006e+1, 0.00000e+0, 2.00000e+1, 2.00000e+1, 3, 7, 
2023/07/24 19:35:55.767, 3.55249e+2, 0.00000e+0, 6.16358e+2, 0.00000e+0, 3.55510e+4, 0.00000e+0, 3.68344e+2, 0.00000e+0, 6.39078e+2, 0.00000e+0, 5.00444e+2, 0.00000e+0, 3.70444e+1, 0.00000e+0, 4.00906e+1, 0.00000e+0, 3.88057e+0, 0.00000e+0, 3.03501e+0, 0.00000e+0, 0.00000e+0, -2.95107e-1, 0.00000e+0, -4.91191e+0, 0.00000e+0, 9.89805e-2, 0.00000e+0, 4.77776e+0, 0.00000e+0, 7.01050e+1, 0.00000e+0, 2.00000e+1, 2.00000e+1, 3, 8, 
2023/07/24 19:36:05.968, 3.54929e+2, 0.00000e+0, 6.16439e+2, 0.00000e+0, 3.54865e+4, 0.00000e+0, 3.67987e+2, 0.00000e+0, 6.39119e+2, 0.00000e+0, 5.00396e+2, 0.00000e+0, 3.70442e+1, 0.00000e+0, 4.00819e+1, 0.00000e+0, 3.88026e+0, 0.00000e+0, 3.03473e+0, 0.00000e+0, 0.00000e+0, -2.95107e-1, 0.00000e+0, -4.91191e+0, 0.00000e+0, 9.80584e-2, 0.00000e+0, 4.77638e+0, 0.00000e+0, 7.00224e+1, 0.00000e+0, 2.00000e+1, 2.00000e+1, 3, 1, 
2023/07/24 19:36:16.066, 3.54619e+2, 0.00000e+0, 6.16292e+2, 0.00000e+0, 3.82429e+4, 0.00000e+0, 3.68720e+2, 0.00000e+0, 6.40798e+2, 0.00000e+0, 5.00360e+2, 0.00000e+0, 3.70468e+1, 0.00000e+0, 4.00300e+1, 0.00000e+0, 3.88021e+0, 0.00000e+0, 3.03498e+0, 0.00000e+0, 0.00000e+0, -2.95107e-1, 0.00000e+0, -4.91191e+0, 0.00000e+0, 9.90491e-2, 0.00000e+0, 4.77505e+0, 0.00000e+0, 6.99432e+1, 0.00000e+0, 2.00000e+1, 2.00000e+1, 3, 2, 
2023/07/24 19:36:26.269, 3.54286e+2, 0.00000e+0, 6.16316e+2, 0.00000e+0, 3.83197e+4, 0.00000e+0, 3.68403e+2, 0.00000e+0, 6.40874e+2, 0.00000e+0, 5.00397e+2, 0.00000e+0, 3.70547e+1, 0.00000e+0, 4.00295e+1, 0.00000e+0, 3.87920e+0, 0.00000e+0, 3.03484e+0, 0.00000e+0, 0.00000e+0, -2.95107e-1, 0.00000e+0, -4.91191e+0, 0.00000e+0, 9.80200e-2, 0.00000e+0, 4.77401e+0, 0.00000e+0, 6.98816e+1, 0.00000e+0, 2.00000e+1, 2.00000e+1, 3, 3, 
2023/07/24 19:36:36.368, 3.53849e+2, 0.00000e+0, 6.16179e+2, 0.00000e+0, 3.83080e+4, 0.00000e+0, 3.67944e+2, 0.00000e+0, 6.40724e+2, 0.00000e+0, 5.00435e+2, 0.00000e+0, 3.70555e+1, 0.00000e+0, 4.00295e+1, 0.00000e+0, 3.87953e+0, 0.00000e+0, 3.03490e+0, 0.00000e+0, 0.00000e+0, -2.95107e-1, 0.00000e+0, -4.91191e+0, 0.00000e+0, 9.90491e-2, 0.00000e+0, 4.77263e+0, 0.00000e+0, 6.97997e+1, 0.00000e+0, 2.00000e+1, 2.00000e+1, 3, 4, 
2023/07/24 19:36:46.571, 3.53548e+2, 0.00000e+0, 6.16220e+2, 0.00000e+0, 3.82786e+4, 0.00000e+0, 3.67620e+2, 0.00000e+0, 6.40747e+2, 0.00000e+0, 5.00478e+2, 0.00000e+0, 3.70565e+1, 0.00000e+0, 4.00609e+1, 0.00000e+0, 3.87881e+0, 0.00000e+0, 3.03462e+0, 0.00000e+0, 0.00000e+0, -2.95107e-1, 0.00000e+0, -4.91191e+0, 0.00000e+0, 9.79528e-2, 0.00000e+0, 4.77123e+0, 0.00000e+0, 6.97160e+1, 0.00000e+0, 2.00000e+1, 2.00000e+1, 3, 5, 
2023/07/24 19:36:56.672, 3.53247e+2, 0.00000e+0, 6.16254e+2, 0.00000e+0, 3.82687e+4, 0.00000e+0, 3.67304e+2, 0.00000e+0, 6.40776e+2, 0.00000e+0, 5.00467e+2, 0.00000e+0, 3.70603e+1, 0.00000e+0, 4.00560e+1, 0.00000e+0, 3.87853e+0, 0.00000e+0, 3.03513e+0, 0.00000e+0, 0.00000e+0, -2.95107e-1, 0.00000e+0, -4.91191e+0, 0.00000e+0, 9.90589e-2, 0.00000e+0, 4.76960e+0, 0.00000e+0, 6.96192e+1, 0.00000e+0, 2.00000e+1, 2.00000e+1, 3, 6, 
2023/07/24 19:37:06.864, 3.52927e+2, 0.00000e+0, 6.16225e+2, 0.00000e+0, 3.82716e+4, 0.00000e+0, 3.66972e+2, 0.00000e+0, 6.40747e+2, 0.00000e+0, 5.00441e+2, 0.00000e+0, 3.70637e+1, 0.00000e+0, 4.00611e+1, 0.00000e+0, 3.87812e+0, 0.00000e+0, 3.03523e+0, 0.00000e+0, 0.00000e+0, -2.95107e-1, 0.00000e+0, -4.91191e+0, 0.00000e+0, 9.81451e-2, 0.00000e+0, 4.76838e+0, 0.00000e+0, 6.95463e+1, 0.00000e+0, 2.00000e+1, 2.00000e+1, 3, 7, 
2023/07/24 19:37:16.976, 3.52593e+2, 0.00000e+0, 6.16532e+2, 0.00000e+0, 3.83254e+4, 0.00000e+0, 3.66645e+2, 0.00000e+0, 6.41103e+2, 0.00000e+0, 5.00397e+2, 0.00000e+0, 3.70637e+1, 0.00000e+0, 4.00591e+1, 0.00000e+0, 3.87792e+0, 0.00000e+0, 3.03502e+0, 0.00000e+0, 0.00000e+0, -2.95107e-1, 0.00000e+0, -4.91191e+0, 0.00000e+0, 9.88826e-2, 0.00000e+0, 4.76656e+0, 0.00000e+0, 6.94380e+1, 0.00000e+0, 2.00000e+1, 2.00000e+1, 3, 8, 
2023/07/24 19:37:27.166, 3.52343e+2, 0.00000e+0, 6.16679e+2, 0.00000e+0, 3.83508e+4, 0.00000e+0, 3.66394e+2, 0.00000e+0, 6.41272e+2, 0.00000e+0, 5.00370e+2, 0.00000e+0, 3.70654e+1, 0.00000e+0, 4.00681e+1, 0.00000e+0, 3.87769e+0, 0.00000e+0, 3.03530e+0, 0.00000e+0, 0.00000e+0, -2.95107e-1, 0.00000e+0, -4.91191e+0, 0.00000e+0, 9.81258e-2, 0.00000e+0, 4.76516e+0, 0.00000e+0, 6.93546e+1, 0.00000e+0, 2.00000e+1, 2.00000e+1, 3, 1, 
2023/07/24 19:37:37.282, 3.52013e+2, 0.00000e+0, 6.17040e+2, 0.00000e+0, 3.82840e+4, 0.00000e+0, 3.66026e+2, 0.00000e+0, 6.41603e+2, 0.00000e+0, 5.00365e+2, 0.00000e+0, 3.70695e+1, 0.00000e+0, 4.00754e+1, 0.00000e+0, 3.87757e+0, 0.00000e+0, 3.03527e+0, 0.00000e+0, 0.00000e+0, -2.95107e-1, 0.00000e+0, -4.91191e+0, 0.00000e+0, 9.88338e-2, 0.00000e+0, 4.76369e+0, 0.00000e+0, 6.92671e+1, 0.00000e+0, 2.00000e+1, 2.00000e+1, 3, 2, 
2023/07/24 19:37:47.466, 3.51652e+2, 0.00000e+0, 6.17189e+2, 0.00000e+0, 3.82909e+4, 0.00000e+0, 3.65653e+2, 0.00000e+0, 6.41762e+2, 0.00000e+0, 5.00399e+2, 0.00000e+0, 3.70703e+1, 0.00000e+0, 4.00726e+1, 0.00000e+0, 3.87690e+0, 0.00000e+0, 3.03562e+0, 0.00000e+0, 0.00000e+0, -2.95107e-1, 0.00000e+0, -4.91191e+0, 0.00000e+0, 9.81932e-2, 0.00000e+0, 4.76214e+0, 0.00000e+0, 6.91749e+1, 0.00000e+0, 2.00000e+1, 2.00000e+1, 3, 3, 
2023/07/24 19:37:57.585, 3.51295e+2, 0.00000e+0, 6.17609e+2, 0.00000e+0, 3.82510e+4, 0.00000e+0, 3.65267e+2, 0.00000e+0, 6.42172e+2, 0.00000e+0, 5.00439e+2, 0.00000e+0, 3.70747e+1, 0.00000e+0, 4.00700e+1, 0.00000e+0, 3.87689e+0, 0.00000e+0, 3.03556e+0, 0.00000e+0, 0.00000e+0, -2.95107e-1, 0.00000e+0, -4.91191e+0, 0.00000e+0, 9.88240e-2, 0.00000e+0, 4.76049e+0, 0.00000e+0, 6.90768e+1, 0.00000e+0, 2.00000e+1, 2.00000e+1, 3, 4, 
2023/07/24 19:38:07.765, 3.50925e+2, 0.00000e+0, 6.17641e+2, 0.00000e+0, 3.82103e+4, 0.00000e+0, 3.64867e+2, 0.00000e+0, 6.42178e+2, 0.00000e+0, 5.00439e+2, 0.00000e+0, 3.70761e+1, 0.00000e+0, 4.00517e+1, 0.00000e+0, 3.87708e+0, 0.00000e+0, 3.03531e+0, 0.00000e+0, 0.00000e+0, -2.95107e-1, 0.00000e+0, -4.91191e+0, 0.00000e+0, 9.82704e-2, 0.00000e+0, 4.75912e+0, 0.00000e+0, 6.89953e+1, 0.00000e+0, 2.00000e+1, 2.00000e+1, 3, 5, 

