SN:3K430000012749 BD:Apr 19 2021 VC:7d9ffae MD5:34e03199e6006f2831fb02c414d62259
                     Time,      [CH4]_ppm,   [CH4]_ppm_sd,      [CO2]_ppm,   [CO2]_ppm_sd,      [H2O]_ppm,   [H2O]_ppm_sd,     [CH4]d_ppm,  [CH4]d_ppm_sd,     [CO2]d_ppm,  [CO2]d_ppm_sd,      GasP_torr,   GasP_torr_sd,         GasT_C,      GasT_C_sd,         AmbT_C,      AmbT_C_sd,         RD0_us,      RD0_us_sd,         RD1_us,      RD1_us_sd,     RD0_raw_us,         LTC0_v,      LTC0_v_sd,         LTC1_v,      LTC1_v_sd,             HZ,          HZ_sd,         Batt_v,      Batt_v_sd,        BattPer,     BattPer_sd, Temp_Status_mA,Analyzer_Status_mA,       Fit_Flag,      MIU_VALVE,       MIU_DESC
2023/07/24 20:08:14.968, 2.99864e+2, 0.00000e+0, 6.19852e+2, 0.00000e+0, 5.12251e+4, 0.00000e+0, 3.16054e+2, 0.00000e+0, 6.53318e+2, 0.00000e+0, 5.00298e+2, 0.00000e+0, 3.98754e+1, 0.00000e+0, 4.29525e+1, 0.00000e+0, 3.80734e+0, 0.00000e+0, 3.03475e+0, 0.00000e+0, 0.00000e+0, -2.92959e-1, 0.00000e+0, -4.91031e+0, 0.00000e+0, 9.89413e-2, 0.00000e+0, 4.51703e+0, 0.00000e+0, 5.45853e+1, 0.00000e+0, 2.00000e+1, 2.00000e+1, 3, 7, 
2023/07/24 20:08:25.167, 2.99662e+2, 0.00000e+0, 6.19937e+2, 0.00000e+0, 5.12312e+4, 0.00000e+0, 3.15843e+2, 0.00000e+0, 6.53412e+2, 0.00000e+0, 5.00277e+2, 0.00000e+0, 3.98896e+1, 0.00000e+0, 4.29439e+1, 0.00000e+0, 3.80727e+0, 0.00000e+0, 3.03455e+0, 0.00000e+0, 0.00000e+0, -2.92959e-1, 0.00000e+0, -4.91033e+0, 0.00000e+0, 9.80488e-2, 0.00000e+0, 4.51590e+0, 0.00000e+0, 5.45177e+1, 0.00000e+0, 2.00000e+1, 2.00000e+1, 3, 8, 
2023/07/24 20:08:35.267, 2.99534e+2, 0.00000e+0, 6.20224e+2, 0.00000e+0, 5.10204e+4, 0.00000e+0, 3.15638e+2, 0.00000e+0, 6.53570e+2, 0.00000e+0, 5.00263e+2, 0.00000e+0, 3.99038e+1, 0.00000e+0, 4.29385e+1, 0.00000e+0, 3.80692e+0, 0.00000e+0, 3.03465e+0, 0.00000e+0, 0.00000e+0, -2.92959e-1, 0.00000e+0, -4.91035e+0, 0.00000e+0, 9.90491e-2, 0.00000e+0, 4.51475e+0, 0.00000e+0, 5.44496e+1, 0.00000e+0, 2.00000e+1, 2.00000e+1, 3, 1, 
2023/07/24 20:08:45.466, 2.99303e+2, 0.00000e+0, 6.20451e+2, 0.00000e+0, 5.08849e+4, 0.00000e+0, 3.15349e+2, 0.00000e+0, 6.53715e+2, 0.00000e+0, 5.00259e+2, 0.00000e+0, 3.99194e+1, 0.00000e+0, 4.29354e+1, 0.00000e+0, 3.80690e+0, 0.00000e+0, 3.03470e+0, 0.00000e+0, 0.00000e+0, -2.92959e-1, 0.00000e+0, -4.91037e+0, 0.00000e+0, 9.80008e-2, 0.00000e+0, 4.51351e+0, 0.00000e+0, 5.43755e+1, 0.00000e+0, 2.00000e+1, 2.00000e+1, 3, 2, 
2023/07/24 20:08:55.572, 2.99157e+2, 0.00000e+0, 6.20706e+2, 0.00000e+0, 5.06965e+4, 0.00000e+0, 3.15133e+2, 0.00000e+0, 6.53854e+2, 0.00000e+0, 5.00237e+2, 0.00000e+0, 3.99358e+1, 0.00000e+0, 4.29397e+1, 0.00000e+0, 3.80693e+0, 0.00000e+0, 3.03475e+0, 0.00000e+0, 0.00000e+0, -2.92959e-1, 0.00000e+0, -4.91039e+0, 0.00000e+0, 9.89805e-2, 0.00000e+0, 4.51220e+0, 0.00000e+0, 5.42978e+1, 0.00000e+0, 2.00000e+1, 2.00000e+1, 3, 3, 
2023/07/24 20:09:05.766, 2.98990e+2, 0.00000e+0, 6.21026e+2, 0.00000e+0, 5.04435e+4, 0.00000e+0, 3.14873e+2, 0.00000e+0, 6.54017e+2, 0.00000e+0, 5.00218e+2, 0.00000e+0, 3.99516e+1, 0.00000e+0, 4.29470e+1, 0.00000e+0, 3.80637e+0, 0.00000e+0, 3.03495e+0, 0.00000e+0, 0.00000e+0, -2.92959e-1, 0.00000e+0, -4.91041e+0, 0.00000e+0, 9.81451e-2, 0.00000e+0, 4.51078e+0, 0.00000e+0, 5.42129e+1, 0.00000e+0, 2.00000e+1, 2.00000e+1, 3, 4, 
2023/07/24 20:09:15.876, 2.98741e+2, 0.00000e+0, 6.20921e+2, 0.00000e+0, 5.03089e+4, 0.00000e+0, 3.14566e+2, 0.00000e+0, 6.53813e+2, 0.00000e+0, 5.00251e+2, 0.00000e+0, 3.99631e+1, 0.00000e+0, 4.29237e+1, 0.00000e+0, 3.80642e+0, 0.00000e+0, 3.03500e+0, 0.00000e+0, 0.00000e+0, -2.92959e-1, 0.00000e+0, -4.91044e+0, 0.00000e+0, 9.88924e-2, 0.00000e+0, 4.50938e+0, 0.00000e+0, 5.41295e+1, 0.00000e+0, 2.00000e+1, 2.00000e+1, 3, 5, 
2023/07/24 20:09:26.066, 2.98489e+2, 0.00000e+0, 6.21031e+2, 0.00000e+0, 5.02488e+4, 0.00000e+0, 3.14282e+2, 0.00000e+0, 6.53888e+2, 0.00000e+0, 5.00301e+2, 0.00000e+0, 3.99763e+1, 0.00000e+0, 4.29179e+1, 0.00000e+0, 3.80596e+0, 0.00000e+0, 3.03459e+0, 0.00000e+0, 0.00000e+0, -2.92959e-1, 0.00000e+0, -4.91046e+0, 0.00000e+0, 9.80969e-2, 0.00000e+0, 4.50782e+0, 0.00000e+0, 5.40368e+1, 0.00000e+0, 2.00000e+1, 2.00000e+1, 3, 6, 
2023/07/24 20:09:36.180, 2.98268e+2, 0.00000e+0, 6.21053e+2, 0.00000e+0, 5.01753e+4, 0.00000e+0, 3.14024e+2, 0.00000e+0, 6.53861e+2, 0.00000e+0, 5.00310e+2, 0.00000e+0, 3.99935e+1, 0.00000e+0, 4.29097e+1, 0.00000e+0, 3.80559e+0, 0.00000e+0, 3.03481e+0, 0.00000e+0, 0.00000e+0, -2.92959e-1, 0.00000e+0, -4.91047e+0, 0.00000e+0, 9.88826e-2, 0.00000e+0, 4.50607e+0, 0.00000e+0, 5.39330e+1, 0.00000e+0, 2.00000e+1, 2.00000e+1, 3, 7, 
2023/07/24 20:09:46.365, 2.98087e+2, 0.00000e+0, 6.21199e+2, 0.00000e+0, 5.00853e+4, 0.00000e+0, 3.13804e+2, 0.00000e+0, 6.53952e+2, 0.00000e+0, 5.00289e+2, 0.00000e+0, 4.00095e+1, 0.00000e+0, 4.28976e+1, 0.00000e+0, 3.80517e+0, 0.00000e+0, 3.03470e+0, 0.00000e+0, 0.00000e+0, -2.92959e-1, 0.00000e+0, -4.91048e+0, 0.00000e+0, 9.81932e-2, 0.00000e+0, 4.50436e+0, 0.00000e+0, 5.38312e+1, 0.00000e+0, 2.00000e+1, 2.00000e+1, 3, 8, 
2023/07/24 20:09:56.485, 2.97880e+2, 0.00000e+0, 6.20999e+2, 0.00000e+0, 5.00023e+4, 0.00000e+0, 3.13559e+2, 0.00000e+0, 6.53685e+2, 0.00000e+0, 5.00241e+2, 0.00000e+0, 4.00239e+1, 0.00000e+0, 4.29158e+1, 0.00000e+0, 3.80530e+0, 0.00000e+0, 3.03485e+0, 0.00000e+0, 0.00000e+0, -2.92959e-1, 0.00000e+0, -4.91049e+0, 0.00000e+0, 9.87752e-2, 0.00000e+0, 4.50300e+0, 0.00000e+0, 5.37499e+1, 0.00000e+0, 2.00000e+1, 2.00000e+1, 3, 1, 
2023/07/24 20:10:06.665, 2.97607e+2, 0.00000e+0, 6.20799e+2, 0.00000e+0, 5.00186e+4, 0.00000e+0, 3.13277e+2, 0.00000e+0, 6.53485e+2, 0.00000e+0, 5.00206e+2, 0.00000e+0, 4.00351e+1, 0.00000e+0, 4.28901e+1, 0.00000e+0, 3.80432e+0, 0.00000e+0, 3.03475e+0, 0.00000e+0, 0.00000e+0, -2.92959e-1, 0.00000e+0, -4.91051e+0, 0.00000e+0, 9.82801e-2, 0.00000e+0, 4.50185e+0, 0.00000e+0, 5.36813e+1, 0.00000e+0, 2.00000e+1, 2.00000e+1, 3, 2, 
2023/07/24 20:10:16.788, 2.97352e+2, 0.00000e+0, 6.21191e+2, 0.00000e+0, 4.97875e+4, 0.00000e+0, 3.12932e+2, 0.00000e+0, 6.53739e+2, 0.00000e+0, 5.00180e+2, 0.00000e+0, 4.00514e+1, 0.00000e+0, 4.28822e+1, 0.00000e+0, 3.80450e+0, 0.00000e+0, 3.03450e+0, 0.00000e+0, 0.00000e+0, -2.92959e-1, 0.00000e+0, -4.91052e+0, 0.00000e+0, 9.87752e-2, 0.00000e+0, 4.50099e+0, 0.00000e+0, 5.36302e+1, 0.00000e+0, 2.00000e+1, 2.00000e+1, 3, 3, 
2023/07/24 20:10:26.971, 2.97201e+2, 0.00000e+0, 6.21325e+2, 0.00000e+0, 4.96180e+4, 0.00000e+0, 3.12718e+2, 0.00000e+0, 6.53763e+2, 0.00000e+0, 5.00201e+2, 0.00000e+0, 4.00660e+1, 0.00000e+0, 4.28986e+1, 0.00000e+0, 3.80413e+0, 0.00000e+0, 3.03435e+0, 0.00000e+0, 0.00000e+0, -2.92959e-1, 0.00000e+0, -4.91054e+0, 0.00000e+0, 9.82704e-2, 0.00000e+0, 4.50027e+0, 0.00000e+0, 5.35875e+1, 0.00000e+0, 2.00000e+1, 2.00000e+1, 3, 4, 
2023/07/24 20:10:37.166, 2.96879e+2, 0.00000e+0, 6.21128e+2, 0.00000e+0, 4.95989e+4, 0.00000e+0, 3.12372e+2, 0.00000e+0, 6.53543e+2, 0.00000e+0, 5.00224e+2, 0.00000e+0, 4.00770e+1, 0.00000e+0, 4.28968e+1, 0.00000e+0, 3.80356e+0, 0.00000e+0, 3.03440e+0, 0.00000e+0, 0.00000e+0, -2.92959e-1, 0.00000e+0, -4.91056e+0, 0.00000e+0, 9.80392e-2, 0.00000e+0, 4.49918e+0, 0.00000e+0, 5.35227e+1, 0.00000e+0, 2.00000e+1, 2.00000e+1, 3, 5, 
2023/07/24 20:10:47.263, 2.96521e+2, 0.00000e+0, 6.20967e+2, 0.00000e+0, 4.96145e+4, 0.00000e+0, 3.12001e+2, 0.00000e+0, 6.53384e+2, 0.00000e+0, 5.00270e+2, 0.00000e+0, 4.00891e+1, 0.00000e+0, 4.28753e+1, 0.00000e+0, 3.80284e+0, 0.00000e+0, 3.03435e+0, 0.00000e+0, 0.00000e+0, -2.92959e-1, 0.00000e+0, -4.91058e+0, 0.00000e+0, 9.90491e-2, 0.00000e+0, 4.49769e+0, 0.00000e+0, 5.34340e+1, 0.00000e+0, 2.00000e+1, 2.00000e+1, 3, 6, 
2023/07/24 20:10:57.464, 2.96324e+2, 0.00000e+0, 6.20972e+2, 0.00000e+0, 4.94954e+4, 0.00000e+0, 3.11755e+2, 0.00000e+0, 6.53308e+2, 0.00000e+0, 5.00271e+2, 0.00000e+0, 4.01045e+1, 0.00000e+0, 4.28581e+1, 0.00000e+0, 3.80235e+0, 0.00000e+0, 3.03432e+0, 0.00000e+0, 0.00000e+0, -2.92959e-1, 0.00000e+0, -4.91061e+0, 0.00000e+0, 9.80488e-2, 0.00000e+0, 4.49634e+0, 0.00000e+0, 5.33535e+1, 0.00000e+0, 2.00000e+1, 2.00000e+1, 3, 7, 
2023/07/24 20:11:07.565, 2.96165e+2, 0.00000e+0, 6.21295e+2, 0.00000e+0, 4.93239e+4, 0.00000e+0, 3.11531e+2, 0.00000e+0, 6.53530e+2, 0.00000e+0, 5.00240e+2, 0.00000e+0, 4.01163e+1, 0.00000e+0, 4.28291e+1, 0.00000e+0, 3.80197e+0, 0.00000e+0, 3.03447e+0, 0.00000e+0, 0.00000e+0, -2.92959e-1, 0.00000e+0, -4.91063e+0, 0.00000e+0, 9.90001e-2, 0.00000e+0, 4.49487e+0, 0.00000e+0, 5.32662e+1, 0.00000e+0, 2.00000e+1, 2.00000e+1, 3, 8, 
2023/07/24 20:11:17.764, 2.95993e+2, 0.00000e+0, 6.21690e+2, 0.00000e+0, 4.91147e+4, 0.00000e+0, 3.11282e+2, 0.00000e+0, 6.53801e+2, 0.00000e+0, 5.00198e+2, 0.00000e+0, 4.01312e+1, 0.00000e+0, 4.28135e+1, 0.00000e+0, 3.80193e+0, 0.00000e+0, 3.03401e+0, 0.00000e+0, 0.00000e+0, -2.92959e-1, 0.00000e+0, -4.91066e+0, 0.00000e+0, 9.80488e-2, 0.00000e+0, 4.49379e+0, 0.00000e+0, 5.32019e+1, 0.00000e+0, 2.00000e+1, 2.00000e+1, 3, 1, 
2023/07/24 20:11:27.867, 2.95694e+2, 0.00000e+0, 6.21724e+2, 0.00000e+0, 4.90008e+4, 0.00000e+0, 3.10929e+2, 0.00000e+0, 6.53759e+2, 0.00000e+0, 5.00169e+2, 0.00000e+0, 4.01443e+1, 0.00000e+0, 4.28255e+1, 0.00000e+0, 3.80182e+0, 0.00000e+0, 3.03422e+0, 0.00000e+0, 0.00000e+0, -2.92959e-1, 0.00000e+0, -4.91069e+0, 0.00000e+0, 9.89609e-2, 0.00000e+0, 4.49227e+0, 0.00000e+0, 5.31115e+1, 0.00000e+0, 2.00000e+1, 2.00000e+1, 3, 2, 
2023/07/24 20:11:38.068, 2.95419e+2, 0.00000e+0, 6.21625e+2, 0.00000e+0, 4.89938e+4, 0.00000e+0, 3.10639e+2, 0.00000e+0, 6.53650e+2, 0.00000e+0, 5.00166e+2, 0.00000e+0, 4.01562e+1, 0.00000e+0, 4.28016e+1, 0.00000e+0, 3.80159e+0, 0.00000e+0, 3.03395e+0, 0.00000e+0, 0.00000e+0, -2.92959e-1, 0.00000e+0, -4.91073e+0, 0.00000e+0, 9.80777e-2, 0.00000e+0, 4.49121e+0, 0.00000e+0, 5.30481e+1, 0.00000e+0, 2.00000e+1, 2.00000e+1, 3, 3, 
2023/07/24 20:11:48.170, 2.95113e+2, 0.00000e+0, 6.21412e+2, 0.00000e+0, 4.89661e+4, 0.00000e+0, 3.10308e+2, 0.00000e+0, 6.53407e+2, 0.00000e+0, 5.00222e+2, 0.00000e+0, 4.01653e+1, 0.00000e+0, 4.27650e+1, 0.00000e+0, 3.80123e+0, 0.00000e+0, 3.03428e+0, 0.00000e+0, 0.00000e+0, -2.92970e-1, 0.00000e+0, -4.91077e+0, 0.00000e+0, 9.89805e-2, 0.00000e+0, 4.49002e+0, 0.00000e+0, 5.29776e+1, 0.00000e+0, 2.00000e+1, 2.00000e+1, 3, 4, 
2023/07/24 20:11:58.367, 2.94807e+2, 0.00000e+0, 6.21417e+2, 0.00000e+0, 4.89687e+4, 0.00000e+0, 3.09987e+2, 0.00000e+0, 6.53414e+2, 0.00000e+0, 5.00261e+2, 0.00000e+0, 4.01769e+1, 0.00000e+0, 4.27514e+1, 0.00000e+0, 3.80079e+0, 0.00000e+0, 3.03436e+0, 0.00000e+0, 0.00000e+0, -2.92985e-1, 0.00000e+0, -4.91079e+0, 0.00000e+0, 9.80488e-2, 0.00000e+0, 4.48860e+0, 0.00000e+0, 5.28926e+1, 0.00000e+0, 2.00000e+1, 2.00000e+1, 3, 5, 
2023/07/24 20:12:08.475, 2.94492e+2, 0.00000e+0, 6.21314e+2, 0.00000e+0, 4.90029e+4, 0.00000e+0, 3.09666e+2, 0.00000e+0, 6.53329e+2, 0.00000e+0, 5.00255e+2, 0.00000e+0, 4.01941e+1, 0.00000e+0, 4.27673e+1, 0.00000e+0, 3.80072e+0, 0.00000e+0, 3.03400e+0, 0.00000e+0, 0.00000e+0, -2.93002e-1, 0.00000e+0, -4.91081e+0, 0.00000e+0, 9.89315e-2, 0.00000e+0, 4.48737e+0, 0.00000e+0, 5.28199e+1, 0.00000e+0, 2.00000e+1, 2.00000e+1, 3, 6, 
2023/07/24 20:12:18.667, 2.94207e+2, 0.00000e+0, 6.21151e+2, 0.00000e+0, 4.90764e+4, 0.00000e+0, 3.09391e+2, 0.00000e+0, 6.53208e+2, 0.00000e+0, 5.00250e+2, 0.00000e+0, 4.02053e+1, 0.00000e+0, 4.27758e+1, 0.00000e+0, 3.80020e+0, 0.00000e+0, 3.03418e+0, 0.00000e+0, 0.00000e+0, -2.93022e-1, 0.00000e+0, -4.91083e+0, 0.00000e+0, 9.81258e-2, 0.00000e+0, 4.48587e+0, 0.00000e+0, 5.27301e+1, 0.00000e+0, 2.00000e+1, 2.00000e+1, 3, 7, 
2023/07/24 20:12:28.779, 2.94015e+2, 0.00000e+0, 6.21062e+2, 0.00000e+0, 4.92216e+4, 0.00000e+0, 3.09236e+2, 0.00000e+0, 6.53214e+2, 0.00000e+0, 5.00210e+2, 0.00000e+0, 4.02139e+1, 0.00000e+0, 4.27679e+1, 0.00000e+0, 3.79902e+0, 0.00000e+0, 3.03404e+0, 0.00000e+0, 0.00000e+0, -2.93022e-1, 0.00000e+0, -4.91085e+0, 0.00000e+0, 9.89022e-2, 0.00000e+0, 4.48463e+0, 0.00000e+0, 5.26565e+1, 0.00000e+0, 2.00000e+1, 2.00000e+1, 3, 8, 
2023/07/24 20:12:38.967, 2.93839e+2, 0.00000e+0, 6.21052e+2, 0.00000e+0, 4.91856e+4, 0.00000e+0, 3.09040e+2, 0.00000e+0, 6.53179e+2, 0.00000e+0, 5.00167e+2, 0.00000e+0, 4.02245e+1, 0.00000e+0, 4.27662e+1, 0.00000e+0, 3.79868e+0, 0.00000e+0, 3.03406e+0, 0.00000e+0, 0.00000e+0, -2.93022e-1, 0.00000e+0, -4.91087e+0, 0.00000e+0, 9.81547e-2, 0.00000e+0, 4.48334e+0, 0.00000e+0, 5.25795e+1, 0.00000e+0, 2.00000e+1, 2.00000e+1, 3, 1, 
2023/07/24 20:12:49.083, 2.93385e+2, 0.00000e+0, 6.20927e+2, 0.00000e+0, 4.92979e+4, 0.00000e+0, 3.08598e+2, 0.00000e+0, 6.53125e+2, 0.00000e+0, 5.00183e+2, 0.00000e+0, 4.02383e+1, 0.00000e+0, 4.27752e+1, 0.00000e+0, 3.79850e+0, 0.00000e+0, 3.03387e+0, 0.00000e+0, 0.00000e+0, -2.93034e-1, 0.00000e+0, -4.91089e+0, 0.00000e+0, 9.88338e-2, 0.00000e+0, 4.48220e+0, 0.00000e+0, 5.25120e+1, 0.00000e+0, 2.00000e+1, 2.00000e+1, 3, 2, 
2023/07/24 20:12:59.265, 2.93107e+2, 0.00000e+0, 6.20818e+2, 0.00000e+0, 4.93326e+4, 0.00000e+0, 3.08317e+2, 0.00000e+0, 6.53034e+2, 0.00000e+0, 5.00209e+2, 0.00000e+0, 4.02500e+1, 0.00000e+0, 4.27759e+1, 0.00000e+0, 3.79792e+0, 0.00000e+0, 3.03390e+0, 0.00000e+0, 0.00000e+0, -2.93046e-1, 0.00000e+0, -4.91092e+0, 0.00000e+0, 9.82222e-2, 0.00000e+0, 4.48081e+0, 0.00000e+0, 5.24294e+1, 0.00000e+0, 2.00000e+1, 2.00000e+1, 3, 3, 
2023/07/24 20:13:09.388, 2.92867e+2, 0.00000e+0, 6.21211e+2, 0.00000e+0, 4.91605e+4, 0.00000e+0, 3.08009e+2, 0.00000e+0, 6.53329e+2, 0.00000e+0, 5.00224e+2, 0.00000e+0, 4.02607e+1, 0.00000e+0, 4.27552e+1, 0.00000e+0, 3.79757e+0, 0.00000e+0, 3.03417e+0, 0.00000e+0, 0.00000e+0, -2.93062e-1, 0.00000e+0, -4.91094e+0, 0.00000e+0, 9.87654e-2, 0.00000e+0, 4.47928e+0, 0.00000e+0, 5.23382e+1, 0.00000e+0, 2.00000e+1, 2.00000e+1, 3, 4, 
2023/07/24 20:13:19.566, 2.92675e+2, 0.00000e+0, 6.21605e+2, 0.00000e+0, 4.90089e+4, 0.00000e+0, 3.07758e+2, 0.00000e+0, 6.53639e+2, 0.00000e+0, 5.00219e+2, 0.00000e+0, 4.02697e+1, 0.00000e+0, 4.27480e+1, 0.00000e+0, 3.79778e+0, 0.00000e+0, 3.03423e+0, 0.00000e+0, 0.00000e+0, -2.93077e-1, 0.00000e+0, -4.91096e+0, 0.00000e+0, 9.82994e-2, 0.00000e+0, 4.47812e+0, 0.00000e+0, 5.22690e+1, 0.00000e+0, 2.00000e+1, 2.00000e+1, 3, 5, 
2023/07/24 20:13:29.767, 2.92277e+2, 0.00000e+0, 6.21108e+2, 0.00000e+0, 4.93142e+4, 0.00000e+0, 3.07438e+2, 0.00000e+0, 6.53326e+2, 0.00000e+0, 5.00209e+2, 0.00000e+0, 4.02750e+1, 0.00000e+0, 4.27207e+1, 0.00000e+0, 3.79716e+0, 0.00000e+0, 3.03379e+0, 0.00000e+0, 0.00000e+0, -2.93093e-1, 0.00000e+0, -4.91098e+0, 0.00000e+0, 9.80296e-2, 0.00000e+0, 4.47639e+0, 0.00000e+0, 5.21660e+1, 0.00000e+0, 2.00000e+1, 2.00000e+1, 3, 6, 
2023/07/24 20:13:39.866, 2.91993e+2, 0.00000e+0, 6.20818e+2, 0.00000e+0, 4.94818e+4, 0.00000e+0, 3.07194e+2, 0.00000e+0, 6.53137e+2, 0.00000e+0, 5.00183e+2, 0.00000e+0, 4.02841e+1, 0.00000e+0, 4.27127e+1, 0.00000e+0, 3.79645e+0, 0.00000e+0, 3.03408e+0, 0.00000e+0, 0.00000e+0, -2.93111e-1, 0.00000e+0, -4.91101e+0, 0.00000e+0, 9.90197e-2, 0.00000e+0, 4.47525e+0, 0.00000e+0, 5.20985e+1, 0.00000e+0, 2.00000e+1, 2.00000e+1, 3, 7, 
2023/07/24 20:13:50.067, 2.91705e+2, 0.00000e+0, 6.20961e+2, 0.00000e+0, 4.94575e+4, 0.00000e+0, 3.06883e+2, 0.00000e+0, 6.53270e+2, 0.00000e+0, 5.00154e+2, 0.00000e+0, 4.02982e+1, 0.00000e+0, 4.27117e+1, 0.00000e+0, 3.79595e+0, 0.00000e+0, 3.03388e+0, 0.00000e+0, 0.00000e+0, -2.93131e-1, 0.00000e+0, -4.91104e+0, 0.00000e+0, 9.80584e-2, 0.00000e+0, 4.47374e+0, 0.00000e+0, 5.20085e+1, 0.00000e+0, 2.00000e+1, 2.00000e+1, 3, 8, 
2023/07/24 20:14:00.167, 2.91386e+2, 0.00000e+0, 6.20872e+2, 0.00000e+0, 4.96012e+4, 0.00000e+0, 3.06594e+2, 0.00000e+0, 6.53275e+2, 0.00000e+0, 5.00179e+2, 0.00000e+0, 4.03044e+1, 0.00000e+0, 4.27005e+1, 0.00000e+0, 3.79484e+0, 0.00000e+0, 3.03374e+0, 0.00000e+0, 0.00000e+0, -2.93152e-1, 0.00000e+0, -4.91106e+0, 0.00000e+0, 9.90001e-2, 0.00000e+0, 4.47238e+0, 0.00000e+0, 5.19275e+1, 0.00000e+0, 2.00000e+1, 2.00000e+1, 3, 1, 
2023/07/24 20:14:10.362, 2.91089e+2, 0.00000e+0, 6.20979e+2, 0.00000e+0, 4.96939e+4, 0.00000e+0, 3.06310e+2, 0.00000e+0, 6.53452e+2, 0.00000e+0, 5.00205e+2, 0.00000e+0, 4.03158e+1, 0.00000e+0, 4.26941e+1, 0.00000e+0, 3.79485e+0, 0.00000e+0, 3.03365e+0, 0.00000e+0, 0.00000e+0, -2.93175e-1, 0.00000e+0, -4.91106e+0, 0.00000e+0, 9.81258e-2, 0.00000e+0, 4.47011e+0, 0.00000e+0, 5.17921e+1, 0.00000e+0, 2.00000e+1, 2.00000e+1, 3, 2, 
2023/07/24 20:14:20.465, 2.90739e+2, 0.00000e+0, 6.20886e+2, 0.00000e+0, 4.97890e+4, 0.00000e+0, 3.05973e+2, 0.00000e+0, 6.53420e+2, 0.00000e+0, 5.00232e+2, 0.00000e+0, 4.03184e+1, 0.00000e+0, 4.26777e+1, 0.00000e+0, 3.79456e+0, 0.00000e+0, 3.03371e+0, 0.00000e+0, 0.00000e+0, -2.93200e-1, 0.00000e+0, -4.91106e+0, 0.00000e+0, 9.90001e-2, 0.00000e+0, 4.46869e+0, 0.00000e+0, 5.17075e+1, 0.00000e+0, 2.00000e+1, 2.00000e+1, 3, 3, 
2023/07/24 20:14:30.667, 2.90599e+2, 0.00000e+0, 6.21309e+2, 0.00000e+0, 4.95619e+4, 0.00000e+0, 3.05752e+2, 0.00000e+0, 6.53708e+2, 0.00000e+0, 5.00219e+2, 0.00000e+0, 4.03286e+1, 0.00000e+0, 4.26576e+1, 0.00000e+0, 3.79443e+0, 0.00000e+0, 3.03390e+0, 0.00000e+0, 0.00000e+0, -2.93227e-1, 0.00000e+0, -4.91106e+0, 0.00000e+0, 9.80104e-2, 0.00000e+0, 4.46666e+0, 0.00000e+0, 5.15872e+1, 0.00000e+0, 2.00000e+1, 2.00000e+1, 3, 4, 
2023/07/24 20:14:40.769, 2.90418e+2, 0.00000e+0, 6.21856e+2, 0.00000e+0, 4.93414e+4, 0.00000e+0, 3.05492e+2, 0.00000e+0, 6.54131e+2, 0.00000e+0, 5.00204e+2, 0.00000e+0, 4.03351e+1, 0.00000e+0, 4.25956e+1, 0.00000e+0, 3.79427e+0, 0.00000e+0, 3.03413e+0, 0.00000e+0, 0.00000e+0, -2.93253e-1, 0.00000e+0, -4.91106e+0, 0.00000e+0, 9.89805e-2, 0.00000e+0, 4.46536e+0, 0.00000e+0, 5.15094e+1, 0.00000e+0, 2.00000e+1, 2.00000e+1, 3, 5, 
2023/07/24 20:14:50.965, 2.90240e+2, 0.00000e+0, 6.22262e+2, 0.00000e+0, 4.90811e+4, 0.00000e+0, 3.05220e+2, 0.00000e+0, 6.54380e+2, 0.00000e+0, 5.00155e+2, 0.00000e+0, 4.03403e+1, 0.00000e+0, 4.25579e+1, 0.00000e+0, 3.79469e+0, 0.00000e+0, 3.03392e+0, 0.00000e+0, 0.00000e+0, -2.93281e-1, 0.00000e+0, -4.91106e+0, 0.00000e+0, 9.80681e-2, 0.00000e+0, 4.46386e+0, 0.00000e+0, 5.14205e+1, 0.00000e+0, 2.00000e+1, 2.00000e+1, 3, 6, 
2023/07/24 20:15:01.075, 2.90032e+2, 0.00000e+0, 6.21848e+2, 0.00000e+0, 4.94096e+4, 0.00000e+0, 3.05108e+2, 0.00000e+0, 6.54171e+2, 0.00000e+0, 5.00102e+2, 0.00000e+0, 4.03523e+1, 0.00000e+0, 4.25439e+1, 0.00000e+0, 3.79330e+0, 0.00000e+0, 3.03377e+0, 0.00000e+0, 0.00000e+0, -2.93307e-1, 0.00000e+0, -4.91107e+0, 0.00000e+0, 9.89022e-2, 0.00000e+0, 4.46296e+0, 0.00000e+0, 5.13666e+1, 0.00000e+0, 2.00000e+1, 2.00000e+1, 3, 7, 
2023/07/24 20:15:11.266, 2.89840e+2, 0.00000e+0, 6.22577e+2, 0.00000e+0, 4.89857e+4, 0.00000e+0, 3.04769e+2, 0.00000e+0, 6.54646e+2, 0.00000e+0, 5.00115e+2, 0.00000e+0, 4.03592e+1, 0.00000e+0, 4.25491e+1, 0.00000e+0, 3.79393e+0, 0.00000e+0, 3.03412e+0, 0.00000e+0, 0.00000e+0, -2.93331e-1, 0.00000e+0, -4.91107e+0, 0.00000e+0, 9.81836e-2, 0.00000e+0, 4.46191e+0, 0.00000e+0, 5.13039e+1, 0.00000e+0, 2.00000e+1, 2.00000e+1, 3, 8, 
2023/07/24 20:15:21.379, 2.89899e+2, 0.00000e+0, 6.24197e+2, 0.00000e+0, 4.84001e+4, 0.00000e+0, 3.04644e+2, 0.00000e+0, 6.55944e+2, 0.00000e+0, 5.00169e+2, 0.00000e+0, 4.03649e+1, 0.00000e+0, 4.25326e+1, 0.00000e+0, 3.79359e+0, 0.00000e+0, 3.03420e+0, 0.00000e+0, 0.00000e+0, -2.93345e-1, 0.00000e+0, -4.91107e+0, 0.00000e+0, 9.88045e-2, 0.00000e+0, 4.46093e+0, 0.00000e+0, 5.12456e+1, 0.00000e+0, 2.00000e+1, 2.00000e+1, 3, 1, 
2023/07/24 20:15:31.566, 2.89450e+2, 0.00000e+0, 6.23799e+2, 0.00000e+0, 4.86531e+4, 0.00000e+0, 3.04253e+2, 0.00000e+0, 6.55701e+2, 0.00000e+0, 5.00221e+2, 0.00000e+0, 4.03713e+1, 0.00000e+0, 4.25216e+1, 0.00000e+0, 3.79353e+0, 0.00000e+0, 3.03403e+0, 0.00000e+0, 0.00000e+0, -2.93366e-1, 0.00000e+0, -4.91108e+0, 0.00000e+0, 9.82029e-2, 0.00000e+0, 4.45957e+0, 0.00000e+0, 5.11646e+1, 0.00000e+0, 2.00000e+1, 2.00000e+1, 3, 2, 
2023/07/24 20:15:41.682, 2.89186e+2, 0.00000e+0, 6.23447e+2, 0.00000e+0, 4.90996e+4, 0.00000e+0, 3.04118e+2, 0.00000e+0, 6.55638e+2, 0.00000e+0, 5.00204e+2, 0.00000e+0, 4.03738e+1, 0.00000e+0, 4.24918e+1, 0.00000e+0, 3.79225e+0, 0.00000e+0, 3.03352e+0, 0.00000e+0, 0.00000e+0, -2.93385e-1, 0.00000e+0, -4.91108e+0, 0.00000e+0, 9.88240e-2, 0.00000e+0, 4.45804e+0, 0.00000e+0, 5.10737e+1, 0.00000e+0, 2.00000e+1, 2.00000e+1, 3, 3, 
2023/07/24 20:15:51.865, 2.88749e+2, 0.00000e+0, 6.22844e+2, 0.00000e+0, 4.91973e+4, 0.00000e+0, 3.03690e+2, 0.00000e+0, 6.55072e+2, 0.00000e+0, 5.00204e+2, 0.00000e+0, 4.03827e+1, 0.00000e+0, 4.24915e+1, 0.00000e+0, 3.79230e+0, 0.00000e+0, 3.03393e+0, 0.00000e+0, 0.00000e+0, -2.93406e-1, 0.00000e+0, -4.91108e+0, 0.00000e+0, 9.82318e-2, 0.00000e+0, 4.45643e+0, 0.00000e+0, 5.09779e+1, 0.00000e+0, 2.00000e+1, 2.00000e+1, 3, 4, 
2023/07/24 20:16:01.987, 2.88521e+2, 0.00000e+0, 6.22459e+2, 0.00000e+0, 4.94908e+4, 0.00000e+0, 3.03543e+2, 0.00000e+0, 6.54869e+2, 0.00000e+0, 5.00151e+2, 0.00000e+0, 4.03899e+1, 0.00000e+0, 4.24931e+1, 0.00000e+0, 3.79143e+0, 0.00000e+0, 3.03386e+0, 0.00000e+0, 0.00000e+0, -2.93426e-1, 0.00000e+0, -4.91108e+0, 0.00000e+0, 9.87849e-2, 0.00000e+0, 4.45500e+0, 0.00000e+0, 5.08929e+1, 0.00000e+0, 2.00000e+1, 2.00000e+1, 3, 5, 
2023/07/24 20:16:12.164, 2.88317e+2, 0.00000e+0, 6.22423e+2, 0.00000e+0, 4.96657e+4, 0.00000e+0, 3.03385e+2, 0.00000e+0, 6.54952e+2, 0.00000e+0, 5.00108e+2, 0.00000e+0, 4.03970e+1, 0.00000e+0, 4.24938e+1, 0.00000e+0, 3.79102e+0, 0.00000e+0, 3.03375e+0, 0.00000e+0, 0.00000e+0, -2.93446e-1, 0.00000e+0, -4.91108e+0, 0.00000e+0, 9.82608e-2, 0.00000e+0, 4.45327e+0, 0.00000e+0, 5.07901e+1, 0.00000e+0, 2.00000e+1, 2.00000e+1, 3, 6, 
2023/07/24 20:16:22.298, 2.87992e+2, 0.00000e+0, 6.22355e+2, 0.00000e+0, 4.97499e+4, 0.00000e+0, 3.03069e+2, 0.00000e+0, 6.54938e+2, 0.00000e+0, 5.00120e+2, 0.00000e+0, 4.04060e+1, 0.00000e+0, 4.24785e+1, 0.00000e+0, 3.79032e+0, 0.00000e+0, 3.03397e+0, 0.00000e+0, 0.00000e+0, -2.93465e-1, 0.00000e+0, -4.91108e+0, 0.00000e+0, 9.86777e-2, 0.00000e+0, 4.45172e+0, 0.00000e+0, 5.06977e+1, 0.00000e+0, 2.00000e+1, 2.00000e+1, 3, 7, 
2023/07/24 20:16:32.468, 2.87895e+2, 0.00000e+0, 6.23103e+2, 0.00000e+0, 4.94946e+4, 0.00000e+0, 3.02887e+2, 0.00000e+0, 6.55549e+2, 0.00000e+0, 5.00144e+2, 0.00000e+0, 4.04128e+1, 0.00000e+0, 4.24782e+1, 0.00000e+0, 3.78984e+0, 0.00000e+0, 3.03400e+0, 0.00000e+0, 0.00000e+0, -2.93485e-1, 0.00000e+0, -4.91108e+0, 0.00000e+0, 9.83478e-2, 0.00000e+0, 4.45019e+0, 0.00000e+0, 5.06066e+1, 0.00000e+0, 2.00000e+1, 2.00000e+1, 3, 8, 
2023/07/24 20:16:42.665, 2.87643e+2, 0.00000e+0, 6.23983e+2, 0.00000e+0, 4.91965e+4, 0.00000e+0, 3.02527e+2, 0.00000e+0, 6.56269e+2, 0.00000e+0, 5.00201e+2, 0.00000e+0, 4.04205e+1, 0.00000e+0, 4.24769e+1, 0.00000e+0, 3.79057e+0, 0.00000e+0, 3.03377e+0, 0.00000e+0, 0.00000e+0, -2.93506e-1, 0.00000e+0, -4.91108e+0, 0.00000e+0, 9.80777e-2, 0.00000e+0, 4.44857e+0, 0.00000e+0, 5.05103e+1, 0.00000e+0, 2.00000e+1, 2.00000e+1, 3, 1, 
2023/07/24 20:16:52.767, 2.87527e+2, 0.00000e+0, 6.24867e+2, 0.00000e+0, 4.87725e+4, 0.00000e+0, 3.02269e+2, 0.00000e+0, 6.56906e+2, 0.00000e+0, 5.00193e+2, 0.00000e+0, 4.04297e+1, 0.00000e+0, 4.24857e+1, 0.00000e+0, 3.79094e+0, 0.00000e+0, 3.03386e+0, 0.00000e+0, 0.00000e+0, -2.93527e-1, 0.00000e+0, -4.91108e+0, 0.00000e+0, 9.90099e-2, 0.00000e+0, 4.44680e+0, 0.00000e+0, 5.04045e+1, 0.00000e+0, 2.00000e+1, 2.00000e+1, 3, 2, 
2023/07/24 20:17:02.969, 2.87378e+2, 0.00000e+0, 6.25285e+2, 0.00000e+0, 4.86852e+4, 0.00000e+0, 3.02085e+2, 0.00000e+0, 6.57285e+2, 0.00000e+0, 5.00180e+2, 0.00000e+0, 4.04338e+1, 0.00000e+0, 4.24920e+1, 0.00000e+0, 3.79005e+0, 0.00000e+0, 3.03387e+0, 0.00000e+0, 0.00000e+0, -2.93545e-1, 0.00000e+0, -4.91108e+0, 0.00000e+0, 9.80296e-2, 0.00000e+0, 4.44541e+0, 0.00000e+0, 5.03221e+1, 0.00000e+0, 2.00000e+1, 2.00000e+1, 3, 3, 
2023/07/24 20:17:13.066, 2.87145e+2, 0.00000e+0, 6.25234e+2, 0.00000e+0, 4.86484e+4, 0.00000e+0, 3.01829e+2, 0.00000e+0, 6.57206e+2, 0.00000e+0, 5.00143e+2, 0.00000e+0, 4.04402e+1, 0.00000e+0, 4.25021e+1, 0.00000e+0, 3.79001e+0, 0.00000e+0, 3.03418e+0, 0.00000e+0, 0.00000e+0, -2.93561e-1, 0.00000e+0, -4.91108e+0, 0.00000e+0, 9.90393e-2, 0.00000e+0, 4.44389e+0, 0.00000e+0, 5.02316e+1, 0.00000e+0, 2.00000e+1, 2.00000e+1, 3, 4, 
2023/07/24 20:17:23.268, 2.86943e+2, 0.00000e+0, 6.25556e+2, 0.00000e+0, 4.86477e+4, 0.00000e+0, 3.01616e+2, 0.00000e+0, 6.57543e+2, 0.00000e+0, 5.00119e+2, 0.00000e+0, 4.04443e+1, 0.00000e+0, 4.25290e+1, 0.00000e+0, 3.78981e+0, 0.00000e+0, 3.03394e+0, 0.00000e+0, 0.00000e+0, -2.93575e-1, 0.00000e+0, -4.91108e+0, 0.00000e+0, 9.80969e-2, 0.00000e+0, 4.44235e+0, 0.00000e+0, 5.01399e+1, 0.00000e+0, 2.00000e+1, 2.00000e+1, 3, 5, 
2023/07/24 20:17:33.369, 2.86742e+2, 0.00000e+0, 6.25456e+2, 0.00000e+0, 4.87751e+4, 0.00000e+0, 3.01445e+2, 0.00000e+0, 6.57527e+2, 0.00000e+0, 5.00114e+2, 0.00000e+0, 4.04531e+1, 0.00000e+0, 4.25728e+1, 0.00000e+0, 3.78917e+0, 0.00000e+0, 3.03397e+0, 0.00000e+0, 0.00000e+0, -2.93585e-1, 0.00000e+0, -4.91107e+0, 0.00000e+0, 9.89413e-2, 0.00000e+0, 4.44053e+0, 0.00000e+0, 5.00315e+1, 0.00000e+0, 2.00000e+1, 2.00000e+1, 3, 6, 
2023/07/24 20:17:43.564, 2.86403e+2, 0.00000e+0, 6.25079e+2, 0.00000e+0, 4.89607e+4, 0.00000e+0, 3.01147e+2, 0.00000e+0, 6.57259e+2, 0.00000e+0, 5.00142e+2, 0.00000e+0, 4.04632e+1, 0.00000e+0, 4.26219e+1, 0.00000e+0, 3.78806e+0, 0.00000e+0, 3.03385e+0, 0.00000e+0, 0.00000e+0, -2.93585e-1, 0.00000e+0, -4.91105e+0, 0.00000e+0, 9.80873e-2, 0.00000e+0, 4.43901e+0, 0.00000e+0, 4.99409e+1, 0.00000e+0, 2.00000e+1, 2.00000e+1, 3, 7, 
2023/07/24 20:17:53.673, 2.86202e+2, 0.00000e+0, 6.25130e+2, 0.00000e+0, 4.88670e+4, 0.00000e+0, 3.00906e+2, 0.00000e+0, 6.57248e+2, 0.00000e+0, 5.00160e+2, 0.00000e+0, 4.04695e+1, 0.00000e+0, 4.26510e+1, 0.00000e+0, 3.78751e+0, 0.00000e+0, 3.03373e+0, 0.00000e+0, 0.00000e+0, -2.93585e-1, 0.00000e+0, -4.91103e+0, 0.00000e+0, 9.89511e-2, 0.00000e+0, 4.43737e+0, 0.00000e+0, 4.98436e+1, 0.00000e+0, 2.00000e+1, 2.00000e+1, 3, 8, 
2023/07/24 20:18:03.870, 2.85952e+2, 0.00000e+0, 6.25104e+2, 0.00000e+0, 4.90978e+4, 0.00000e+0, 3.00716e+2, 0.00000e+0, 6.57379e+2, 0.00000e+0, 5.00186e+2, 0.00000e+0, 4.04780e+1, 0.00000e+0, 4.26613e+1, 0.00000e+0, 3.78684e+0, 0.00000e+0, 3.03391e+0, 0.00000e+0, 0.00000e+0, -2.93585e-1, 0.00000e+0, -4.91100e+0, 0.00000e+0, 9.81065e-2, 0.00000e+0, 4.43574e+0, 0.00000e+0, 4.97463e+1, 0.00000e+0, 2.00000e+1, 2.00000e+1, 3, 1, 

