SN:3K430000012749 BD:Apr 19 2021 VC:7d9ffae MD5:34e03199e6006f2831fb02c414d62259
                     Time,      [CH4]_ppm,   [CH4]_ppm_sd,      [CO2]_ppm,   [CO2]_ppm_sd,      [H2O]_ppm,   [H2O]_ppm_sd,     [CH4]d_ppm,  [CH4]d_ppm_sd,     [CO2]d_ppm,  [CO2]d_ppm_sd,      GasP_torr,   GasP_torr_sd,         GasT_C,      GasT_C_sd,         AmbT_C,      AmbT_C_sd,         RD0_us,      RD0_us_sd,         RD1_us,      RD1_us_sd,     RD0_raw_us,         LTC0_v,      LTC0_v_sd,         LTC1_v,      LTC1_v_sd,             HZ,          HZ_sd,         Batt_v,      Batt_v_sd,        BattPer,     BattPer_sd, Temp_Status_mA,Analyzer_Status_mA,       Fit_Flag,      MIU_VALVE,       MIU_DESC
2023/07/24 16:00:03.255, 4.05252e+0, 0.00000e+0, 4.72320e+2, 0.00000e+0, 4.49201e+4, 0.00000e+0, 4.24312e+0, 0.00000e+0, 4.94534e+2, 0.00000e+0, 5.01031e+2, 0.00000e+0, 2.58798e+1, 0.00000e+0, 3.29649e+1, 0.00000e+0, 3.36916e+0, 0.00000e+0, 3.02880e+0, 0.00000e+0, 0.00000e+0, -3.09999e-1, 0.00000e+0, -4.91566e+0, 0.00000e+0, 9.90393e-2, 0.00000e+0, 5.21007e+0, 0.00000e+0, 9.58376e+1, 0.00000e+0, 2.00000e+1, 2.00000e+1, 3, 3, 
2023/07/24 16:00:13.455, 4.05047e+0, 0.00000e+0, 4.72316e+2, 0.00000e+0, 4.50985e+4, 0.00000e+0, 4.24177e+0, 0.00000e+0, 4.94622e+2, 0.00000e+0, 5.01058e+2, 0.00000e+0, 2.59555e+1, 0.00000e+0, 3.30804e+1, 0.00000e+0, 3.36879e+0, 0.00000e+0, 3.02849e+0, 0.00000e+0, 0.00000e+0, -3.09878e-1, 0.00000e+0, -4.91560e+0, 0.00000e+0, 9.80392e-2, 0.00000e+0, 5.20962e+0, 0.00000e+0, 9.58108e+1, 0.00000e+0, 2.00000e+1, 2.00000e+1, 3, 4, 
2023/07/24 16:00:23.552, 4.04618e+0, 0.00000e+0, 4.72430e+2, 0.00000e+0, 4.52410e+4, 0.00000e+0, 4.23790e+0, 0.00000e+0, 4.94816e+2, 0.00000e+0, 5.01069e+2, 0.00000e+0, 2.60292e+1, 0.00000e+0, 3.31877e+1, 0.00000e+0, 3.36846e+0, 0.00000e+0, 3.02874e+0, 0.00000e+0, 0.00000e+0, -3.09772e-1, 0.00000e+0, -4.91553e+0, 0.00000e+0, 9.90491e-2, 0.00000e+0, 5.20897e+0, 0.00000e+0, 9.57721e+1, 0.00000e+0, 2.00000e+1, 2.00000e+1, 3, 5, 
2023/07/24 16:00:33.756, 4.04272e+0, 0.00000e+0, 4.72798e+2, 0.00000e+0, 4.53795e+4, 0.00000e+0, 4.23490e+0, 0.00000e+0, 4.95273e+2, 0.00000e+0, 5.01061e+2, 0.00000e+0, 2.61033e+1, 0.00000e+0, 3.32785e+1, 0.00000e+0, 3.36796e+0, 0.00000e+0, 3.02798e+0, 0.00000e+0, 0.00000e+0, -3.09659e-1, 0.00000e+0, -4.91549e+0, 0.00000e+0, 9.78378e-2, 0.00000e+0, 5.20808e+0, 0.00000e+0, 9.57189e+1, 0.00000e+0, 2.00000e+1, 2.00000e+1, 3, 6, 
2023/07/24 16:00:43.861, 4.03847e+0, 0.00000e+0, 4.73041e+2, 0.00000e+0, 4.55430e+4, 0.00000e+0, 4.23117e+0, 0.00000e+0, 4.95613e+2, 0.00000e+0, 5.01032e+2, 0.00000e+0, 2.61785e+1, 0.00000e+0, 3.33641e+1, 0.00000e+0, 3.36736e+0, 0.00000e+0, 3.02737e+0, 0.00000e+0, 0.00000e+0, -3.09555e-1, 0.00000e+0, -4.91543e+0, 0.00000e+0, 9.91179e-2, 0.00000e+0, 5.20777e+0, 0.00000e+0, 9.57005e+1, 0.00000e+0, 2.00000e+1, 2.00000e+1, 3, 7, 
2023/07/24 16:00:54.053, 4.03527e+0, 0.00000e+0, 4.73226e+2, 0.00000e+0, 4.56439e+4, 0.00000e+0, 4.22827e+0, 0.00000e+0, 4.95859e+2, 0.00000e+0, 5.00989e+2, 0.00000e+0, 2.62568e+1, 0.00000e+0, 3.34529e+1, 0.00000e+0, 3.36700e+0, 0.00000e+0, 3.02752e+0, 0.00000e+0, 0.00000e+0, -3.09446e-1, 0.00000e+0, -4.91537e+0, 0.00000e+0, 9.81547e-2, 0.00000e+0, 5.20697e+0, 0.00000e+0, 9.56527e+1, 0.00000e+0, 2.00000e+1, 2.00000e+1, 3, 8, 
2023/07/24 16:01:04.168, 4.03199e+0, 0.00000e+0, 4.73380e+2, 0.00000e+0, 4.58588e+4, 0.00000e+0, 4.22578e+0, 0.00000e+0, 4.96132e+2, 0.00000e+0, 5.00940e+2, 0.00000e+0, 2.63272e+1, 0.00000e+0, 3.35399e+1, 0.00000e+0, 3.36703e+0, 0.00000e+0, 3.02736e+0, 0.00000e+0, 0.00000e+0, -3.09327e-1, 0.00000e+0, -4.91531e+0, 0.00000e+0, 9.88142e-2, 0.00000e+0, 5.20689e+0, 0.00000e+0, 9.56480e+1, 0.00000e+0, 2.00000e+1, 2.00000e+1, 3, 1, 
2023/07/24 16:01:14.355, 4.02823e+0, 0.00000e+0, 4.73744e+2, 0.00000e+0, 4.62390e+4, 0.00000e+0, 4.22352e+0, 0.00000e+0, 4.96712e+2, 0.00000e+0, 5.00956e+2, 0.00000e+0, 2.63982e+1, 0.00000e+0, 3.36427e+1, 0.00000e+0, 3.36637e+0, 0.00000e+0, 3.02666e+0, 0.00000e+0, 0.00000e+0, -3.09220e-1, 0.00000e+0, -4.91525e+0, 0.00000e+0, 9.81547e-2, 0.00000e+0, 5.20626e+0, 0.00000e+0, 9.56105e+1, 0.00000e+0, 2.00000e+1, 2.00000e+1, 3, 2, 
2023/07/24 16:01:24.476, 4.02598e+0, 0.00000e+0, 4.74050e+2, 0.00000e+0, 4.66029e+4, 0.00000e+0, 4.22277e+0, 0.00000e+0, 4.97222e+2, 0.00000e+0, 5.00992e+2, 0.00000e+0, 2.64759e+1, 0.00000e+0, 3.37231e+1, 0.00000e+0, 3.36520e+0, 0.00000e+0, 3.02600e+0, 0.00000e+0, 0.00000e+0, -3.09107e-1, 0.00000e+0, -4.91518e+0, 0.00000e+0, 9.88045e-2, 0.00000e+0, 5.20596e+0, 0.00000e+0, 9.55931e+1, 0.00000e+0, 2.00000e+1, 2.00000e+1, 3, 3, 
2023/07/24 16:01:34.663, 4.02539e+0, 0.00000e+0, 4.74481e+2, 0.00000e+0, 4.68060e+4, 0.00000e+0, 4.22305e+0, 0.00000e+0, 4.97780e+2, 0.00000e+0, 5.01019e+2, 0.00000e+0, 2.65552e+1, 0.00000e+0, 3.38187e+1, 0.00000e+0, 3.36492e+0, 0.00000e+0, 3.02603e+0, 0.00000e+0, 0.00000e+0, -3.08992e-1, 0.00000e+0, -4.91513e+0, 0.00000e+0, 9.80873e-2, 0.00000e+0, 5.20556e+0, 0.00000e+0, 9.55690e+1, 0.00000e+0, 2.00000e+1, 2.00000e+1, 3, 4, 
2023/07/24 16:01:44.788, 4.02421e+0, 0.00000e+0, 4.74629e+2, 0.00000e+0, 4.70774e+4, 0.00000e+0, 4.22302e+0, 0.00000e+0, 4.98077e+2, 0.00000e+0, 5.01000e+2, 0.00000e+0, 2.66308e+1, 0.00000e+0, 3.39083e+1, 0.00000e+0, 3.36443e+0, 0.00000e+0, 3.02550e+0, 0.00000e+0, 0.00000e+0, -3.08890e-1, 0.00000e+0, -4.91508e+0, 0.00000e+0, 9.88924e-2, 0.00000e+0, 5.20510e+0, 0.00000e+0, 9.55414e+1, 0.00000e+0, 2.00000e+1, 2.00000e+1, 3, 5, 
2023/07/24 16:01:54.956, 4.02140e+0, 0.00000e+0, 4.74807e+2, 0.00000e+0, 4.72620e+4, 0.00000e+0, 4.22088e+0, 0.00000e+0, 4.98360e+2, 0.00000e+0, 5.00988e+2, 0.00000e+0, 2.66997e+1, 0.00000e+0, 3.39705e+1, 0.00000e+0, 3.36406e+0, 0.00000e+0, 3.02505e+0, 0.00000e+0, 0.00000e+0, -3.08783e-1, 0.00000e+0, -4.91502e+0, 0.00000e+0, 9.83671e-2, 0.00000e+0, 5.20468e+0, 0.00000e+0, 9.55167e+1, 0.00000e+0, 2.00000e+1, 2.00000e+1, 3, 6, 
2023/07/24 16:02:05.158, 1.91724e+1, 0.00000e+0, 4.75620e+2, 0.00000e+0, 3.81397e+4, 0.00000e+0, 1.99326e+1, 0.00000e+0, 4.94480e+2, 0.00000e+0, 5.00953e+2, 0.00000e+0, 2.67793e+1, 0.00000e+0, 3.40397e+1, 0.00000e+0, 3.22633e+0, 0.00000e+0, 3.02386e+0, 0.00000e+0, 0.00000e+0, -3.08292e-1, 0.00000e+0, -4.91497e+0, 0.00000e+0, 9.79816e-2, 0.00000e+0, 5.20398e+0, 0.00000e+0, 9.54749e+1, 0.00000e+0, 2.00000e+1, 4.00000e+0, 3, 7, 
2023/07/24 16:02:15.255, 7.13217e+2, 0.00000e+0, 4.79657e+2, 0.00000e+0, 1.74476e+4, 0.00000e+0, 7.25882e+2, 0.00000e+0, 4.88175e+2, 0.00000e+0, 5.00920e+2, 0.00000e+0, 2.68532e+1, 0.00000e+0, 3.40992e+1, 0.00000e+0, 4.16446e+0, 0.00000e+0, 3.02119e+0, 0.00000e+0, 0.00000e+0, -3.07847e-1, 0.00000e+0, -4.91496e+0, 0.00000e+0, 9.90884e-2, 0.00000e+0, 5.20341e+0, 0.00000e+0, 9.54411e+1, 0.00000e+0, 2.00000e+1, 1.70000e+1, 3, 8, 
2023/07/24 16:02:25.454, 7.57576e+2, 0.00000e+0, 4.78485e+2, 0.00000e+0, 1.99444e+4, 0.00000e+0, 7.72993e+2, 0.00000e+0, 4.88222e+2, 0.00000e+0, 5.00905e+2, 0.00000e+0, 2.69222e+1, 0.00000e+0, 3.41790e+1, 0.00000e+0, 4.19433e+0, 0.00000e+0, 3.02159e+0, 0.00000e+0, 0.00000e+0, -3.07414e-1, 0.00000e+0, -4.91497e+0, 0.00000e+0, 9.79720e-2, 0.00000e+0, 5.20288e+0, 0.00000e+0, 9.54095e+1, 0.00000e+0, 2.00000e+1, 1.70000e+1, 3, 1, 
2023/07/24 16:02:35.554, 7.57062e+2, 0.00000e+0, 4.76524e+2, 0.00000e+0, 1.58285e+4, 0.00000e+0, 7.69238e+2, 0.00000e+0, 4.84188e+2, 0.00000e+0, 5.00950e+2, 0.00000e+0, 2.69924e+1, 0.00000e+0, 3.42413e+1, 0.00000e+0, 4.19580e+0, 0.00000e+0, 3.02035e+0, 0.00000e+0, 0.00000e+0, -3.07012e-1, 0.00000e+0, -4.91498e+0, 0.00000e+0, 9.90688e-2, 0.00000e+0, 5.20228e+0, 0.00000e+0, 9.53740e+1, 0.00000e+0, 2.00000e+1, 1.70000e+1, 3, 2, 
2023/07/24 16:02:45.755, 7.55949e+2, 0.00000e+0, 4.74713e+2, 0.00000e+0, 1.58972e+4, 0.00000e+0, 7.68160e+2, 0.00000e+0, 4.82382e+2, 0.00000e+0, 5.00952e+2, 0.00000e+0, 2.70675e+1, 0.00000e+0, 3.42946e+1, 0.00000e+0, 4.19409e+0, 0.00000e+0, 3.02015e+0, 0.00000e+0, 0.00000e+0, -3.06623e-1, 0.00000e+0, -4.91498e+0, 0.00000e+0, 9.80296e-2, 0.00000e+0, 5.20165e+0, 0.00000e+0, 9.53365e+1, 0.00000e+0, 2.00000e+1, 1.70000e+1, 3, 3, 
2023/07/24 16:02:55.859, 7.54084e+2, 0.00000e+0, 4.73261e+2, 0.00000e+0, 1.57585e+4, 0.00000e+0, 7.66157e+2, 0.00000e+0, 4.80838e+2, 0.00000e+0, 5.00975e+2, 0.00000e+0, 2.71454e+1, 0.00000e+0, 3.43648e+1, 0.00000e+0, 4.19667e+0, 0.00000e+0, 3.02019e+0, 0.00000e+0, 0.00000e+0, -3.06264e-1, 0.00000e+0, -4.91498e+0, 0.00000e+0, 9.90197e-2, 0.00000e+0, 5.20119e+0, 0.00000e+0, 9.53087e+1, 0.00000e+0, 2.00000e+1, 1.70000e+1, 3, 4, 
2023/07/24 16:03:06.055, 7.53285e+2, 0.00000e+0, 4.71945e+2, 0.00000e+0, 1.56379e+4, 0.00000e+0, 7.65252e+2, 0.00000e+0, 4.79443e+2, 0.00000e+0, 5.00957e+2, 0.00000e+0, 2.72160e+1, 0.00000e+0, 3.43952e+1, 0.00000e+0, 4.19646e+0, 0.00000e+0, 3.02044e+0, 0.00000e+0, 0.00000e+0, -3.05918e-1, 0.00000e+0, -4.91498e+0, 0.00000e+0, 9.80969e-2, 0.00000e+0, 5.20014e+0, 0.00000e+0, 9.52464e+1, 0.00000e+0, 2.00000e+1, 1.70000e+1, 3, 5, 
2023/07/24 16:03:16.163, 7.52564e+2, 0.00000e+0, 4.70456e+2, 0.00000e+0, 1.54127e+4, 0.00000e+0, 7.64345e+2, 0.00000e+0, 4.77821e+2, 0.00000e+0, 5.00941e+2, 0.00000e+0, 2.72860e+1, 0.00000e+0, 3.44451e+1, 0.00000e+0, 4.19654e+0, 0.00000e+0, 3.02131e+0, 0.00000e+0, 0.00000e+0, -3.05586e-1, 0.00000e+0, -4.91498e+0, 0.00000e+0, 9.89022e-2, 0.00000e+0, 5.19972e+0, 0.00000e+0, 9.52215e+1, 0.00000e+0, 2.00000e+1, 1.70000e+1, 3, 6, 
2023/07/24 16:03:26.353, 7.54649e+2, 0.00000e+0, 4.68717e+2, 0.00000e+0, 1.50643e+4, 0.00000e+0, 7.66191e+2, 0.00000e+0, 4.75886e+2, 0.00000e+0, 5.00913e+2, 0.00000e+0, 2.73596e+1, 0.00000e+0, 3.44919e+1, 0.00000e+0, 4.19839e+0, 0.00000e+0, 3.02180e+0, 0.00000e+0, 0.00000e+0, -3.05268e-1, 0.00000e+0, -4.91498e+0, 0.00000e+0, 9.81162e-2, 0.00000e+0, 5.19900e+0, 0.00000e+0, 9.51788e+1, 0.00000e+0, 2.00000e+1, 1.70000e+1, 3, 7, 
2023/07/24 16:03:36.467, 8.24408e+2, 0.00000e+0, 4.67577e+2, 0.00000e+0, 1.52954e+4, 0.00000e+0, 8.37214e+2, 0.00000e+0, 4.74840e+2, 0.00000e+0, 5.00897e+2, 0.00000e+0, 2.74332e+1, 0.00000e+0, 3.45391e+1, 0.00000e+0, 4.24496e+0, 0.00000e+0, 3.02146e+0, 0.00000e+0, 0.00000e+0, -3.04954e-1, 0.00000e+0, -4.91499e+0, 0.00000e+0, 9.88826e-2, 0.00000e+0, 5.19852e+0, 0.00000e+0, 9.51502e+1, 0.00000e+0, 2.00000e+1, 1.70000e+1, 3, 8, 
2023/07/24 16:03:46.658, 8.86638e+2, 0.00000e+0, 4.66498e+2, 0.00000e+0, 7.70362e+3, 0.00000e+0, 8.93522e+2, 0.00000e+0, 4.70120e+2, 0.00000e+0, 5.00917e+2, 0.00000e+0, 2.75033e+1, 0.00000e+0, 3.45863e+1, 0.00000e+0, 4.28636e+0, 0.00000e+0, 3.02163e+0, 0.00000e+0, 0.00000e+0, -3.04649e-1, 0.00000e+0, -4.91501e+0, 0.00000e+0, 9.81451e-2, 0.00000e+0, 5.19773e+0, 0.00000e+0, 9.51032e+1, 0.00000e+0, 2.00000e+1, 1.70000e+1, 3, 1, 
2023/07/24 16:03:56.778, 8.87794e+2, 0.00000e+0, 4.64767e+2, 0.00000e+0, 7.48006e+3, 0.00000e+0, 8.94484e+2, 0.00000e+0, 4.68269e+2, 0.00000e+0, 5.00929e+2, 0.00000e+0, 2.75695e+1, 0.00000e+0, 3.46347e+1, 0.00000e+0, 4.28739e+0, 0.00000e+0, 3.02208e+0, 0.00000e+0, 0.00000e+0, -3.04360e-1, 0.00000e+0, -4.91503e+0, 0.00000e+0, 9.87167e-2, 0.00000e+0, 5.19697e+0, 0.00000e+0, 9.50577e+1, 0.00000e+0, 2.00000e+1, 1.70000e+1, 3, 2, 
2023/07/24 16:04:06.956, 8.87099e+2, 0.00000e+0, 4.64493e+2, 0.00000e+0, 7.37220e+3, 0.00000e+0, 8.93688e+2, 0.00000e+0, 4.67943e+2, 0.00000e+0, 5.00938e+2, 0.00000e+0, 2.76392e+1, 0.00000e+0, 3.46882e+1, 0.00000e+0, 4.28648e+0, 0.00000e+0, 3.02234e+0, 0.00000e+0, 0.00000e+0, -3.04085e-1, 0.00000e+0, -4.91503e+0, 0.00000e+0, 9.83187e-2, 0.00000e+0, 5.19642e+0, 0.00000e+0, 9.50250e+1, 0.00000e+0, 2.00000e+1, 1.70000e+1, 3, 3, 
2023/07/24 16:04:17.151, 8.84720e+2, 0.00000e+0, 4.63617e+2, 0.00000e+0, 7.45818e+3, 0.00000e+0, 8.91368e+2, 0.00000e+0, 4.67100e+2, 0.00000e+0, 5.00929e+2, 0.00000e+0, 2.77118e+1, 0.00000e+0, 3.47232e+1, 0.00000e+0, 4.28839e+0, 0.00000e+0, 3.02233e+0, 0.00000e+0, 0.00000e+0, -3.03823e-1, 0.00000e+0, -4.91503e+0, 0.00000e+0, 9.81065e-2, 0.00000e+0, 5.19554e+0, 0.00000e+0, 9.49724e+1, 0.00000e+0, 2.00000e+1, 1.70000e+1, 3, 4, 
2023/07/24 16:04:27.258, 8.83162e+2, 0.00000e+0, 4.63497e+2, 0.00000e+0, 7.39556e+3, 0.00000e+0, 8.89742e+2, 0.00000e+0, 4.66951e+2, 0.00000e+0, 5.00906e+2, 0.00000e+0, 2.77797e+1, 0.00000e+0, 3.47551e+1, 0.00000e+0, 4.28942e+0, 0.00000e+0, 3.02311e+0, 0.00000e+0, 0.00000e+0, -3.03577e-1, 0.00000e+0, -4.91503e+0, 0.00000e+0, 9.90099e-2, 0.00000e+0, 5.19514e+0, 0.00000e+0, 9.49485e+1, 0.00000e+0, 2.00000e+1, 1.70000e+1, 3, 5, 
2023/07/24 16:04:37.451, 8.81741e+2, 0.00000e+0, 4.63349e+2, 0.00000e+0, 7.33200e+3, 0.00000e+0, 8.88254e+2, 0.00000e+0, 4.66771e+2, 0.00000e+0, 5.00879e+2, 0.00000e+0, 2.78488e+1, 0.00000e+0, 3.47854e+1, 0.00000e+0, 4.29044e+0, 0.00000e+0, 3.02365e+0, 0.00000e+0, 0.00000e+0, -3.03347e-1, 0.00000e+0, -4.91503e+0, 0.00000e+0, 9.80681e-2, 0.00000e+0, 5.19425e+0, 0.00000e+0, 9.48957e+1, 0.00000e+0, 2.00000e+1, 1.70000e+1, 3, 6, 
2023/07/24 16:04:47.552, 8.80623e+2, 0.00000e+0, 4.63160e+2, 0.00000e+0, 7.25946e+3, 0.00000e+0, 8.87063e+2, 0.00000e+0, 4.66547e+2, 0.00000e+0, 5.00853e+2, 0.00000e+0, 2.79180e+1, 0.00000e+0, 3.48268e+1, 0.00000e+0, 4.28959e+0, 0.00000e+0, 3.02397e+0, 0.00000e+0, 0.00000e+0, -3.03131e-1, 0.00000e+0, -4.91502e+0, 0.00000e+0, 9.90197e-2, 0.00000e+0, 5.19358e+0, 0.00000e+0, 9.48562e+1, 0.00000e+0, 2.00000e+1, 1.70000e+1, 3, 7, 
2023/07/24 16:04:57.752, 8.79025e+2, 0.00000e+0, 4.62811e+2, 0.00000e+0, 7.23650e+3, 0.00000e+0, 8.85433e+2, 0.00000e+0, 4.66185e+2, 0.00000e+0, 5.00893e+2, 0.00000e+0, 2.79878e+1, 0.00000e+0, 3.48793e+1, 0.00000e+0, 4.29090e+0, 0.00000e+0, 3.02413e+0, 0.00000e+0, 0.00000e+0, -3.02932e-1, 0.00000e+0, -4.91502e+0, 0.00000e+0, 9.80681e-2, 0.00000e+0, 5.19281e+0, 0.00000e+0, 9.48104e+1, 0.00000e+0, 2.00000e+1, 1.70000e+1, 3, 8, 
2023/07/24 16:05:07.856, 8.78414e+2, 0.00000e+0, 4.62609e+2, 0.00000e+0, 7.31562e+3, 0.00000e+0, 8.84888e+2, 0.00000e+0, 4.66018e+2, 0.00000e+0, 5.00918e+2, 0.00000e+0, 2.80579e+1, 0.00000e+0, 3.49315e+1, 0.00000e+0, 4.29088e+0, 0.00000e+0, 3.02434e+0, 0.00000e+0, 0.00000e+0, -3.02732e-1, 0.00000e+0, -4.91502e+0, 0.00000e+0, 9.89805e-2, 0.00000e+0, 5.19190e+0, 0.00000e+0, 9.47561e+1, 0.00000e+0, 2.00000e+1, 1.70000e+1, 3, 1, 
2023/07/24 16:05:18.053, 8.77016e+2, 0.00000e+0, 4.62269e+2, 0.00000e+0, 7.15363e+3, 0.00000e+0, 8.83335e+2, 0.00000e+0, 4.65600e+2, 0.00000e+0, 5.00891e+2, 0.00000e+0, 2.81271e+1, 0.00000e+0, 3.49731e+1, 0.00000e+0, 4.29212e+0, 0.00000e+0, 3.02516e+0, 0.00000e+0, 0.00000e+0, -3.02548e-1, 0.00000e+0, -4.91502e+0, 0.00000e+0, 9.80200e-2, 0.00000e+0, 5.19089e+0, 0.00000e+0, 9.46957e+1, 0.00000e+0, 2.00000e+1, 1.70000e+1, 3, 2, 
2023/07/24 16:05:28.161, 8.75264e+2, 0.00000e+0, 4.62079e+2, 0.00000e+0, 7.01445e+3, 0.00000e+0, 8.81447e+2, 0.00000e+0, 4.65343e+2, 0.00000e+0, 5.00902e+2, 0.00000e+0, 2.81911e+1, 0.00000e+0, 3.50190e+1, 0.00000e+0, 4.29299e+0, 0.00000e+0, 3.02563e+0, 0.00000e+0, 0.00000e+0, -3.02380e-1, 0.00000e+0, -4.91502e+0, 0.00000e+0, 9.89707e-2, 0.00000e+0, 5.19017e+0, 0.00000e+0, 9.46527e+1, 0.00000e+0, 2.00000e+1, 1.70000e+1, 3, 3, 
2023/07/24 16:05:38.358, 8.76975e+2, 0.00000e+0, 4.62425e+2, 0.00000e+0, 6.99327e+3, 0.00000e+0, 8.83152e+2, 0.00000e+0, 4.65682e+2, 0.00000e+0, 5.00882e+2, 0.00000e+0, 2.82587e+1, 0.00000e+0, 3.50800e+1, 0.00000e+0, 4.29286e+0, 0.00000e+0, 3.02598e+0, 0.00000e+0, 0.00000e+0, -3.02210e-1, 0.00000e+0, -4.91502e+0, 0.00000e+0, 9.80681e-2, 0.00000e+0, 5.18944e+0, 0.00000e+0, 9.46097e+1, 0.00000e+0, 2.00000e+1, 1.70000e+1, 3, 4, 
2023/07/24 16:05:48.464, 9.58471e+2, 0.00000e+0, 4.63340e+2, 0.00000e+0, 2.33306e+3, 0.00000e+0, 9.60713e+2, 0.00000e+0, 4.64424e+2, 0.00000e+0, 5.00827e+2, 0.00000e+0, 2.83226e+1, 0.00000e+0, 3.51330e+1, 0.00000e+0, 4.34738e+0, 0.00000e+0, 3.02593e+0, 0.00000e+0, 0.00000e+0, -3.02049e-1, 0.00000e+0, -4.91502e+0, 0.00000e+0, 9.89511e-2, 0.00000e+0, 5.18889e+0, 0.00000e+0, 9.45771e+1, 0.00000e+0, 2.00000e+1, 9.00000e+0, 3, 5, 
2023/07/24 16:05:58.658, 1.02188e+3, 0.00000e+0, 4.63789e+2, 0.00000e+0, 6.36623e+3, 0.00000e+0, 1.02843e+3, 0.00000e+0, 4.66760e+2, 0.00000e+0, 5.00819e+2, 0.00000e+0, 2.83912e+1, 0.00000e+0, 3.51855e+1, 0.00000e+0, 4.37836e+0, 0.00000e+0, 3.02576e+0, 0.00000e+0, 0.00000e+0, -3.01883e-1, 0.00000e+0, -4.91502e+0, 0.00000e+0, 9.81354e-2, 0.00000e+0, 5.18850e+0, 0.00000e+0, 9.45534e+1, 0.00000e+0, 2.00000e+1, 9.00000e+0, 3, 6, 
2023/07/24 16:06:08.769, 1.02175e+3, 0.00000e+0, 4.63954e+2, 0.00000e+0, -1.16560e+3, 0.00000e+0, 1.02056e+3, 0.00000e+0, 4.63414e+2, 0.00000e+0, 5.00829e+2, 0.00000e+0, 2.84550e+1, 0.00000e+0, 3.52369e+1, 0.00000e+0, 4.37966e+0, 0.00000e+0, 3.02586e+0, 0.00000e+0, 0.00000e+0, -3.01732e-1, 0.00000e+0, -4.91502e+0, 0.00000e+0, 9.88533e-2, 0.00000e+0, 5.18779e+0, 0.00000e+0, 9.45113e+1, 0.00000e+0, 2.00000e+1, 9.00000e+0, 3, 7, 
2023/07/24 16:06:18.955, 1.02081e+3, 0.00000e+0, 4.63716e+2, 0.00000e+0, -8.08760e+2, 0.00000e+0, 1.01999e+3, 0.00000e+0, 4.63341e+2, 0.00000e+0, 5.00867e+2, 0.00000e+0, 2.85236e+1, 0.00000e+0, 3.52705e+1, 0.00000e+0, 4.37853e+0, 0.00000e+0, 3.02579e+0, 0.00000e+0, 0.00000e+0, -3.01578e-1, 0.00000e+0, -4.91502e+0, 0.00000e+0, 9.81836e-2, 0.00000e+0, 5.18737e+0, 0.00000e+0, 9.44862e+1, 0.00000e+0, 2.00000e+1, 9.00000e+0, 3, 8, 
2023/07/24 16:06:29.073, 1.01929e+3, 0.00000e+0, 4.63610e+2, 0.00000e+0, -8.36302e+2, 0.00000e+0, 1.01843e+3, 0.00000e+0, 4.63222e+2, 0.00000e+0, 5.00887e+2, 0.00000e+0, 2.85872e+1, 0.00000e+0, 3.53061e+1, 0.00000e+0, 4.37864e+0, 0.00000e+0, 3.02574e+0, 0.00000e+0, 0.00000e+0, -3.01440e-1, 0.00000e+0, -4.91502e+0, 0.00000e+0, 9.88142e-2, 0.00000e+0, 5.18662e+0, 0.00000e+0, 9.44415e+1, 0.00000e+0, 2.00000e+1, 9.00000e+0, 3, 1, 
2023/07/24 16:06:39.255, 1.01858e+3, 0.00000e+0, 4.63433e+2, 0.00000e+0, -5.96378e+2, 0.00000e+0, 1.01797e+3, 0.00000e+0, 4.63156e+2, 0.00000e+0, 5.00877e+2, 0.00000e+0, 2.86513e+1, 0.00000e+0, 3.53478e+1, 0.00000e+0, 4.37781e+0, 0.00000e+0, 3.02580e+0, 0.00000e+0, 0.00000e+0, -3.01299e-1, 0.00000e+0, -4.91502e+0, 0.00000e+0, 9.82801e-2, 0.00000e+0, 5.18586e+0, 0.00000e+0, 9.43962e+1, 0.00000e+0, 2.00000e+1, 9.00000e+0, 3, 2, 
2023/07/24 16:06:49.378, 1.01733e+3, 0.00000e+0, 4.63190e+2, 0.00000e+0, -7.06706e+2, 0.00000e+0, 1.01661e+3, 0.00000e+0, 4.62863e+2, 0.00000e+0, 5.00855e+2, 0.00000e+0, 2.87124e+1, 0.00000e+0, 3.53935e+1, 0.00000e+0, 4.37797e+0, 0.00000e+0, 3.02611e+0, 0.00000e+0, 0.00000e+0, -3.01174e-1, 0.00000e+0, -4.91502e+0, 0.00000e+0, 9.87362e-2, 0.00000e+0, 5.18475e+0, 0.00000e+0, 9.43306e+1, 0.00000e+0, 2.00000e+1, 9.00000e+0, 3, 3, 
2023/07/24 16:06:59.558, 1.01728e+3, 0.00000e+0, 4.63232e+2, 0.00000e+0, -5.30909e+2, 0.00000e+0, 1.01674e+3, 0.00000e+0, 4.62986e+2, 0.00000e+0, 5.00818e+2, 0.00000e+0, 2.87790e+1, 0.00000e+0, 3.54323e+1, 0.00000e+0, 4.37632e+0, 0.00000e+0, 3.02596e+0, 0.00000e+0, 0.00000e+0, -3.01046e-1, 0.00000e+0, -4.91502e+0, 0.00000e+0, 9.82898e-2, 0.00000e+0, 5.18408e+0, 0.00000e+0, 9.42907e+1, 0.00000e+0, 2.00000e+1, 9.00000e+0, 3, 4, 
2023/07/24 16:07:09.682, 1.01522e+3, 0.00000e+0, 4.63173e+2, 0.00000e+0, -6.44193e+2, 0.00000e+0, 1.01456e+3, 0.00000e+0, 4.62875e+2, 0.00000e+0, 5.00785e+2, 0.00000e+0, 2.88443e+1, 0.00000e+0, 3.54999e+1, 0.00000e+0, 4.37990e+0, 0.00000e+0, 3.02580e+0, 0.00000e+0, 0.00000e+0, -3.00935e-1, 0.00000e+0, -4.91502e+0, 0.00000e+0, 9.87459e-2, 0.00000e+0, 5.18310e+0, 0.00000e+0, 9.42319e+1, 0.00000e+0, 2.00000e+1, 9.00000e+0, 3, 5, 
2023/07/24 16:07:19.865, 1.01437e+3, 0.00000e+0, 4.62811e+2, 0.00000e+0, -4.22117e+2, 0.00000e+0, 1.01395e+3, 0.00000e+0, 4.62616e+2, 0.00000e+0, 5.00817e+2, 0.00000e+0, 2.89114e+1, 0.00000e+0, 3.55902e+1, 0.00000e+0, 4.37760e+0, 0.00000e+0, 3.02603e+0, 0.00000e+0, 0.00000e+0, -3.00824e-1, 0.00000e+0, -4.91502e+0, 0.00000e+0, 9.82511e-2, 0.00000e+0, 5.18237e+0, 0.00000e+0, 9.41890e+1, 0.00000e+0, 2.00000e+1, 9.00000e+0, 3, 6, 
2023/07/24 16:07:30.047, 1.01396e+3, 0.00000e+0, 4.62434e+2, 0.00000e+0, -2.47597e+2, 0.00000e+0, 1.01370e+3, 0.00000e+0, 4.62320e+2, 0.00000e+0, 5.00826e+2, 0.00000e+0, 2.89729e+1, 0.00000e+0, 3.56696e+1, 0.00000e+0, 4.37382e+0, 0.00000e+0, 3.02577e+0, 0.00000e+0, 0.00000e+0, -3.00712e-1, 0.00000e+0, -4.91502e+0, 0.00000e+0, 9.81932e-2, 0.00000e+0, 5.18126e+0, 0.00000e+0, 9.41227e+1, 0.00000e+0, 2.00000e+1, 9.00000e+0, 3, 7, 
2023/07/24 16:07:40.156, 1.01177e+3, 0.00000e+0, 4.62290e+2, 0.00000e+0, -4.05105e+2, 0.00000e+0, 1.01136e+3, 0.00000e+0, 4.62103e+2, 0.00000e+0, 5.00858e+2, 0.00000e+0, 2.90384e+1, 0.00000e+0, 3.57377e+1, 0.00000e+0, 4.37520e+0, 0.00000e+0, 3.02602e+0, 0.00000e+0, 0.00000e+0, -3.00615e-1, 0.00000e+0, -4.91502e+0, 0.00000e+0, 9.88826e-2, 0.00000e+0, 5.18050e+0, 0.00000e+0, 9.40776e+1, 0.00000e+0, 2.00000e+1, 9.00000e+0, 3, 8, 
2023/07/24 16:07:50.355, 1.01167e+3, 0.00000e+0, 4.63148e+2, 0.00000e+0, -2.28158e+2, 0.00000e+0, 1.01143e+3, 0.00000e+0, 4.63043e+2, 0.00000e+0, 5.00839e+2, 0.00000e+0, 2.91018e+1, 0.00000e+0, 3.58066e+1, 0.00000e+0, 4.37156e+0, 0.00000e+0, 3.02597e+0, 0.00000e+0, 0.00000e+0, -3.00514e-1, 0.00000e+0, -4.91502e+0, 0.00000e+0, 9.80873e-2, 0.00000e+0, 5.17968e+0, 0.00000e+0, 9.40286e+1, 0.00000e+0, 2.00000e+1, 9.00000e+0, 3, 1, 
2023/07/24 16:08:00.459, 1.01001e+3, 0.00000e+0, 4.63370e+2, 0.00000e+0, -3.87058e+2, 0.00000e+0, 1.00962e+3, 0.00000e+0, 4.63191e+2, 0.00000e+0, 5.00825e+2, 0.00000e+0, 2.91677e+1, 0.00000e+0, 3.58784e+1, 0.00000e+0, 4.37174e+0, 0.00000e+0, 3.02615e+0, 0.00000e+0, 0.00000e+0, -3.00429e-1, 0.00000e+0, -4.91502e+0, 0.00000e+0, 9.89511e-2, 0.00000e+0, 5.17875e+0, 0.00000e+0, 9.39732e+1, 0.00000e+0, 2.00000e+1, 9.00000e+0, 3, 2, 
2023/07/24 16:08:10.654, 1.00894e+3, 0.00000e+0, 4.63647e+2, 0.00000e+0, 5.73878e+3, 0.00000e+0, 1.01477e+3, 0.00000e+0, 4.66323e+2, 0.00000e+0, 5.00807e+2, 0.00000e+0, 2.92262e+1, 0.00000e+0, 3.59641e+1, 0.00000e+0, 4.37207e+0, 0.00000e+0, 3.02604e+0, 0.00000e+0, 0.00000e+0, -3.00339e-1, 0.00000e+0, -4.91500e+0, 0.00000e+0, 9.81451e-2, 0.00000e+0, 5.17796e+0, 0.00000e+0, 9.39261e+1, 0.00000e+0, 2.00000e+1, 9.00000e+0, 3, 3, 
2023/07/24 16:08:20.759, 1.00870e+3, 0.00000e+0, 4.63408e+2, 0.00000e+0, 5.90893e+3, 0.00000e+0, 1.01469e+3, 0.00000e+0, 4.66163e+2, 0.00000e+0, 5.00777e+2, 0.00000e+0, 2.92919e+1, 0.00000e+0, 3.60312e+1, 0.00000e+0, 4.36980e+0, 0.00000e+0, 3.02589e+0, 0.00000e+0, 0.00000e+0, -3.00245e-1, 0.00000e+0, -4.91498e+0, 0.00000e+0, 9.89218e-2, 0.00000e+0, 5.17700e+0, 0.00000e+0, 9.38692e+1, 0.00000e+0, 2.00000e+1, 9.00000e+0, 3, 4, 
2023/07/24 16:08:30.953, 1.00809e+3, 0.00000e+0, 4.63947e+2, 0.00000e+0, 6.09956e+3, 0.00000e+0, 1.01428e+3, 0.00000e+0, 4.66794e+2, 0.00000e+0, 5.00804e+2, 0.00000e+0, 2.93509e+1, 0.00000e+0, 3.60822e+1, 0.00000e+0, 4.36996e+0, 0.00000e+0, 3.02595e+0, 0.00000e+0, 0.00000e+0, -3.00149e-1, 0.00000e+0, -4.91496e+0, 0.00000e+0, 9.81354e-2, 0.00000e+0, 5.17635e+0, 0.00000e+0, 9.38305e+1, 0.00000e+0, 2.00000e+1, 9.00000e+0, 3, 5, 
2023/07/24 16:08:41.064, 1.00670e+3, 0.00000e+0, 4.64543e+2, 0.00000e+0, 5.89918e+3, 0.00000e+0, 1.01267e+3, 0.00000e+0, 4.67300e+2, 0.00000e+0, 5.00812e+2, 0.00000e+0, 2.94099e+1, 0.00000e+0, 3.61229e+1, 0.00000e+0, 4.37125e+0, 0.00000e+0, 3.02613e+0, 0.00000e+0, 0.00000e+0, -3.00066e-1, 0.00000e+0, -4.91496e+0, 0.00000e+0, 9.88826e-2, 0.00000e+0, 5.17515e+0, 0.00000e+0, 9.37589e+1, 0.00000e+0, 2.00000e+1, 9.00000e+0, 3, 6, 
2023/07/24 16:08:51.257, 1.00523e+3, 0.00000e+0, 4.65163e+2, 0.00000e+0, 6.18376e+3, 0.00000e+0, 1.01149e+3, 0.00000e+0, 4.68057e+2, 0.00000e+0, 5.00828e+2, 0.00000e+0, 2.94732e+1, 0.00000e+0, 3.61568e+1, 0.00000e+0, 4.37446e+0, 0.00000e+0, 3.02601e+0, 0.00000e+0, 0.00000e+0, -2.99977e-1, 0.00000e+0, -4.91495e+0, 0.00000e+0, 9.81451e-2, 0.00000e+0, 5.17419e+0, 0.00000e+0, 9.37019e+1, 0.00000e+0, 2.00000e+1, 9.00000e+0, 3, 7, 
2023/07/24 16:09:01.369, 1.00449e+3, 0.00000e+0, 4.65676e+2, 0.00000e+0, 6.38710e+3, 0.00000e+0, 1.01095e+3, 0.00000e+0, 4.68669e+2, 0.00000e+0, 5.00824e+2, 0.00000e+0, 2.95300e+1, 0.00000e+0, 3.61760e+1, 0.00000e+0, 4.37334e+0, 0.00000e+0, 3.02624e+0, 0.00000e+0, 0.00000e+0, -2.99887e-1, 0.00000e+0, -4.91494e+0, 0.00000e+0, 9.87654e-2, 0.00000e+0, 5.17301e+0, 0.00000e+0, 9.36313e+1, 0.00000e+0, 2.00000e+1, 9.00000e+0, 3, 8, 
2023/07/24 16:09:11.550, 1.00339e+3, 0.00000e+0, 4.66296e+2, 0.00000e+0, 6.19690e+3, 0.00000e+0, 1.00965e+3, 0.00000e+0, 4.69204e+2, 0.00000e+0, 5.00808e+2, 0.00000e+0, 2.95911e+1, 0.00000e+0, 3.62131e+1, 0.00000e+0, 4.37229e+0, 0.00000e+0, 3.02651e+0, 0.00000e+0, 0.00000e+0, -2.99808e-1, 0.00000e+0, -4.91493e+0, 0.00000e+0, 9.83478e-2, 0.00000e+0, 5.17230e+0, 0.00000e+0, 9.35893e+1, 0.00000e+0, 2.00000e+1, 9.00000e+0, 3, 1, 
2023/07/24 16:09:21.672, 1.00300e+3, 0.00000e+0, 4.66871e+2, 0.00000e+0, 6.30940e+3, 0.00000e+0, 1.00937e+3, 0.00000e+0, 4.69835e+2, 0.00000e+0, 5.00781e+2, 0.00000e+0, 2.96525e+1, 0.00000e+0, 3.62493e+1, 0.00000e+0, 4.36907e+0, 0.00000e+0, 3.02668e+0, 0.00000e+0, 0.00000e+0, -2.99729e-1, 0.00000e+0, -4.91492e+0, 0.00000e+0, 9.87459e-2, 0.00000e+0, 5.17131e+0, 0.00000e+0, 9.35304e+1, 0.00000e+0, 2.00000e+1, 9.00000e+0, 3, 2, 
2023/07/24 16:09:31.859, 1.00205e+3, 0.00000e+0, 4.67454e+2, 0.00000e+0, 6.44048e+3, 0.00000e+0, 1.00854e+3, 0.00000e+0, 4.70484e+2, 0.00000e+0, 5.00746e+2, 0.00000e+0, 2.97107e+1, 0.00000e+0, 3.62797e+1, 0.00000e+0, 4.36953e+0, 0.00000e+0, 3.02683e+0, 0.00000e+0, 0.00000e+0, -2.99647e-1, 0.00000e+0, -4.91491e+0, 0.00000e+0, 9.82318e-2, 0.00000e+0, 5.17033e+0, 0.00000e+0, 9.34718e+1, 0.00000e+0, 2.00000e+1, 9.00000e+0, 3, 3, 
2023/07/24 16:09:41.976, 1.00123e+3, 0.00000e+0, 4.68221e+2, 0.00000e+0, 8.60817e+2, 0.00000e+0, 1.00210e+3, 0.00000e+0, 4.68624e+2, 0.00000e+0, 5.00777e+2, 0.00000e+0, 2.97687e+1, 0.00000e+0, 3.63059e+1, 0.00000e+0, 4.37000e+0, 0.00000e+0, 3.02727e+0, 0.00000e+0, 0.00000e+0, -2.99562e-1, 0.00000e+0, -4.91490e+0, 0.00000e+0, 9.87752e-2, 0.00000e+0, 5.16945e+0, 0.00000e+0, 9.34195e+1, 0.00000e+0, 2.00000e+1, 9.00000e+0, 3, 4, 
2023/07/24 16:09:52.157, 9.99079e+2, 0.00000e+0, 4.68642e+2, 0.00000e+0, 6.15604e+3, 0.00000e+0, 1.00527e+3, 0.00000e+0, 4.71545e+2, 0.00000e+0, 5.00799e+2, 0.00000e+0, 2.98261e+1, 0.00000e+0, 3.63316e+1, 0.00000e+0, 4.37309e+0, 0.00000e+0, 3.02712e+0, 0.00000e+0, 0.00000e+0, -2.99493e-1, 0.00000e+0, -4.91489e+0, 0.00000e+0, 9.82801e-2, 0.00000e+0, 5.16789e+0, 0.00000e+0, 9.33270e+1, 0.00000e+0, 2.00000e+1, 9.00000e+0, 3, 5, 

