SN:3K430000012749 BD:Apr 19 2021 VC:7d9ffae MD5:34e03199e6006f2831fb02c414d62259
                     Time,      [CH4]_ppm,   [CH4]_ppm_sd,      [CO2]_ppm,   [CO2]_ppm_sd,      [H2O]_ppm,   [H2O]_ppm_sd,     [CH4]d_ppm,  [CH4]d_ppm_sd,     [CO2]d_ppm,  [CO2]d_ppm_sd,      GasP_torr,   GasP_torr_sd,         GasT_C,      GasT_C_sd,         AmbT_C,      AmbT_C_sd,         RD0_us,      RD0_us_sd,         RD1_us,      RD1_us_sd,     RD0_raw_us,         LTC0_v,      LTC0_v_sd,         LTC1_v,      LTC1_v_sd,             HZ,          HZ_sd,         Batt_v,      Batt_v_sd,        BattPer,     BattPer_sd, Temp_Status_mA,Analyzer_Status_mA,       Fit_Flag,      MIU_VALVE,       MIU_DESC
2023/07/24 22:50:30.669, 3.52030e+1, 0.00000e+0, 4.81833e+2, 0.00000e+0, 5.42913e+4, 0.00000e+0, 3.72240e+1, 0.00000e+0, 5.09494e+2, 0.00000e+0, 5.00146e+2, 0.00000e+0, 3.87918e+1, 0.00000e+0, 4.10182e+1, 0.00000e+0, 3.42345e+0, 0.00000e+0, 3.03449e+0, 0.00000e+0, 0.00000e+0, -2.96184e-1, 0.00000e+0, -4.91106e+0, 0.00000e+0, 9.88045e-2, 0.00000e+0, 4.43592e+0, 0.00000e+0, 4.97571e+1, 0.00000e+0, 2.00000e+1, 2.00000e+1, 3, 2, 
2023/07/24 22:50:40.860, 3.47537e+1, 0.00000e+0, 4.82705e+2, 0.00000e+0, 5.42821e+4, 0.00000e+0, 3.67484e+1, 0.00000e+0, 5.10411e+2, 0.00000e+0, 5.00217e+2, 0.00000e+0, 3.87840e+1, 0.00000e+0, 4.09968e+1, 0.00000e+0, 3.42296e+0, 0.00000e+0, 3.03426e+0, 0.00000e+0, 0.00000e+0, -2.96200e-1, 0.00000e+0, -4.91106e+0, 0.00000e+0, 9.81354e-2, 0.00000e+0, 4.43461e+0, 0.00000e+0, 4.96790e+1, 0.00000e+0, 2.00000e+1, 2.00000e+1, 3, 3, 
2023/07/24 22:50:50.972, 3.42563e+1, 0.00000e+0, 4.81215e+2, 0.00000e+0, 5.42891e+4, 0.00000e+0, 3.62228e+1, 0.00000e+0, 5.08839e+2, 0.00000e+0, 5.00224e+2, 0.00000e+0, 3.87757e+1, 0.00000e+0, 4.10094e+1, 0.00000e+0, 3.42247e+0, 0.00000e+0, 3.03419e+0, 0.00000e+0, 0.00000e+0, -2.96220e-1, 0.00000e+0, -4.91106e+0, 0.00000e+0, 9.89022e-2, 0.00000e+0, 4.43291e+0, 0.00000e+0, 4.95782e+1, 0.00000e+0, 2.00000e+1, 2.00000e+1, 3, 4, 
2023/07/24 22:51:01.158, 3.39283e+1, 0.00000e+0, 4.80278e+2, 0.00000e+0, 5.42037e+4, 0.00000e+0, 3.58728e+1, 0.00000e+0, 5.07803e+2, 0.00000e+0, 5.00220e+2, 0.00000e+0, 3.87777e+1, 0.00000e+0, 4.10162e+1, 0.00000e+0, 3.42173e+0, 0.00000e+0, 3.03455e+0, 0.00000e+0, 0.00000e+0, -2.96241e-1, 0.00000e+0, -4.91106e+0, 0.00000e+0, 9.82608e-2, 0.00000e+0, 4.43178e+0, 0.00000e+0, 4.95104e+1, 0.00000e+0, 2.00000e+1, 2.00000e+1, 3, 5, 
2023/07/24 22:51:11.277, 3.36460e+1, 0.00000e+0, 4.79540e+2, 0.00000e+0, 5.40870e+4, 0.00000e+0, 3.55698e+1, 0.00000e+0, 5.06959e+2, 0.00000e+0, 5.00198e+2, 0.00000e+0, 3.87744e+1, 0.00000e+0, 4.10177e+1, 0.00000e+0, 3.42117e+0, 0.00000e+0, 3.03447e+0, 0.00000e+0, 0.00000e+0, -2.96264e-1, 0.00000e+0, -4.91106e+0, 0.00000e+0, 9.87654e-2, 0.00000e+0, 4.42987e+0, 0.00000e+0, 4.93968e+1, 0.00000e+0, 2.00000e+1, 2.00000e+1, 3, 6, 
2023/07/24 22:51:21.459, 3.31722e+1, 0.00000e+0, 4.78294e+2, 0.00000e+0, 5.38623e+4, 0.00000e+0, 3.50606e+1, 0.00000e+0, 5.05522e+2, 0.00000e+0, 5.00159e+2, 0.00000e+0, 3.87735e+1, 0.00000e+0, 4.10242e+1, 0.00000e+0, 3.42040e+0, 0.00000e+0, 3.03438e+0, 0.00000e+0, 0.00000e+0, -2.96287e-1, 0.00000e+0, -4.91106e+0, 0.00000e+0, 9.82608e-2, 0.00000e+0, 4.42831e+0, 0.00000e+0, 4.93042e+1, 0.00000e+0, 2.00000e+1, 2.00000e+1, 3, 7, 
2023/07/24 22:51:31.581, 3.26517e+1, 0.00000e+0, 4.76676e+2, 0.00000e+0, 5.37472e+4, 0.00000e+0, 3.45063e+1, 0.00000e+0, 5.03751e+2, 0.00000e+0, 5.00155e+2, 0.00000e+0, 3.87748e+1, 0.00000e+0, 4.10279e+1, 0.00000e+0, 3.41993e+0, 0.00000e+0, 3.03463e+0, 0.00000e+0, 0.00000e+0, -2.96310e-1, 0.00000e+0, -4.91106e+0, 0.00000e+0, 9.87362e-2, 0.00000e+0, 4.42599e+0, 0.00000e+0, 4.91662e+1, 0.00000e+0, 2.00000e+1, 2.00000e+1, 3, 8, 
2023/07/24 22:51:41.759, 3.22884e+1, 0.00000e+0, 4.75785e+2, 0.00000e+0, 5.37597e+4, 0.00000e+0, 3.41228e+1, 0.00000e+0, 5.02817e+2, 0.00000e+0, 5.00166e+2, 0.00000e+0, 3.87711e+1, 0.00000e+0, 4.10384e+1, 0.00000e+0, 3.41926e+0, 0.00000e+0, 3.03429e+0, 0.00000e+0, 0.00000e+0, -2.96332e-1, 0.00000e+0, -4.91106e+0, 0.00000e+0, 9.82994e-2, 0.00000e+0, 4.42458e+0, 0.00000e+0, 4.90823e+1, 0.00000e+0, 2.00000e+1, 2.00000e+1, 3, 1, 
2023/07/24 22:51:51.953, 3.21167e+1, 0.00000e+0, 4.75087e+2, 0.00000e+0, 5.39022e+4, 0.00000e+0, 3.39464e+1, 0.00000e+0, 5.02155e+2, 0.00000e+0, 5.00200e+2, 0.00000e+0, 3.87706e+1, 0.00000e+0, 4.10211e+1, 0.00000e+0, 3.41878e+0, 0.00000e+0, 3.03470e+0, 0.00000e+0, 0.00000e+0, -2.96358e-1, 0.00000e+0, -4.91106e+0, 0.00000e+0, 9.80584e-2, 0.00000e+0, 4.42330e+0, 0.00000e+0, 4.90062e+1, 0.00000e+0, 2.00000e+1, 2.00000e+1, 3, 2, 
2023/07/24 22:52:02.058, 3.15188e+1, 0.00000e+0, 4.70502e+2, 0.00000e+0, 5.62351e+4, 0.00000e+0, 3.33969e+1, 0.00000e+0, 4.98537e+2, 0.00000e+0, 5.00227e+2, 0.00000e+0, 3.87665e+1, 0.00000e+0, 4.10236e+1, 0.00000e+0, 3.41727e+0, 0.00000e+0, 3.03417e+0, 0.00000e+0, 0.00000e+0, -2.96383e-1, 0.00000e+0, -4.91106e+0, 0.00000e+0, 9.90589e-2, 0.00000e+0, 4.42185e+0, 0.00000e+0, 4.89198e+1, 0.00000e+0, 2.00000e+1, 2.00000e+1, 3, 3, 
2023/07/24 22:52:12.259, 3.11350e+1, 0.00000e+0, 4.69013e+2, 0.00000e+0, 5.65789e+4, 0.00000e+0, 3.30023e+1, 0.00000e+0, 4.97141e+2, 0.00000e+0, 5.00227e+2, 0.00000e+0, 3.87640e+1, 0.00000e+0, 4.10089e+1, 0.00000e+0, 3.41658e+0, 0.00000e+0, 3.03430e+0, 0.00000e+0, 0.00000e+0, -2.96393e-1, 0.00000e+0, -4.91106e+0, 0.00000e+0, 9.80008e-2, 0.00000e+0, 4.42016e+0, 0.00000e+0, 4.88193e+1, 0.00000e+0, 2.00000e+1, 2.00000e+1, 3, 4, 
2023/07/24 22:52:22.362, 3.07758e+1, 0.00000e+0, 4.68668e+2, 0.00000e+0, 5.62832e+4, 0.00000e+0, 3.26112e+1, 0.00000e+0, 4.96620e+2, 0.00000e+0, 5.00205e+2, 0.00000e+0, 3.87576e+1, 0.00000e+0, 4.09901e+1, 0.00000e+0, 3.41599e+0, 0.00000e+0, 3.03446e+0, 0.00000e+0, 0.00000e+0, -2.96393e-1, 0.00000e+0, -4.91106e+0, 0.00000e+0, 9.88728e-2, 0.00000e+0, 4.41872e+0, 0.00000e+0, 4.87332e+1, 0.00000e+0, 2.00000e+1, 2.00000e+1, 3, 5, 
2023/07/24 22:52:32.553, 3.03552e+1, 0.00000e+0, 4.67957e+2, 0.00000e+0, 5.59826e+4, 0.00000e+0, 3.21553e+1, 0.00000e+0, 4.95708e+2, 0.00000e+0, 5.00179e+2, 0.00000e+0, 3.87501e+1, 0.00000e+0, 4.09844e+1, 0.00000e+0, 3.41581e+0, 0.00000e+0, 3.03413e+0, 0.00000e+0, 0.00000e+0, -2.96402e-1, 0.00000e+0, -4.91106e+0, 0.00000e+0, 9.82704e-2, 0.00000e+0, 4.41712e+0, 0.00000e+0, 4.86379e+1, 0.00000e+0, 2.00000e+1, 2.00000e+1, 3, 6, 
2023/07/24 22:52:42.665, 2.94179e+1, 0.00000e+0, 4.65063e+2, 0.00000e+0, 5.58705e+4, 0.00000e+0, 3.11588e+1, 0.00000e+0, 4.92583e+2, 0.00000e+0, 5.00175e+2, 0.00000e+0, 3.87495e+1, 0.00000e+0, 4.09690e+1, 0.00000e+0, 3.41439e+0, 0.00000e+0, 3.03455e+0, 0.00000e+0, 0.00000e+0, -2.96415e-1, 0.00000e+0, -4.91106e+0, 0.00000e+0, 9.88240e-2, 0.00000e+0, 4.41579e+0, 0.00000e+0, 4.85591e+1, 0.00000e+0, 2.00000e+1, 2.00000e+1, 3, 7, 
2023/07/24 22:52:52.856, 2.86454e+1, 0.00000e+0, 4.62753e+2, 0.00000e+0, 5.57780e+4, 0.00000e+0, 3.03376e+1, 0.00000e+0, 4.90089e+2, 0.00000e+0, 5.00181e+2, 0.00000e+0, 3.87461e+1, 0.00000e+0, 4.09812e+1, 0.00000e+0, 3.41298e+0, 0.00000e+0, 3.03450e+0, 0.00000e+0, 0.00000e+0, -2.96431e-1, 0.00000e+0, -4.91106e+0, 0.00000e+0, 9.82125e-2, 0.00000e+0, 4.41417e+0, 0.00000e+0, 4.84627e+1, 0.00000e+0, 2.00000e+1, 2.00000e+1, 3, 8, 
2023/07/24 22:53:02.970, 2.80230e+1, 0.00000e+0, 4.60397e+2, 0.00000e+0, 5.56745e+4, 0.00000e+0, 2.96751e+1, 0.00000e+0, 4.87540e+2, 0.00000e+0, 5.00204e+2, 0.00000e+0, 3.87470e+1, 0.00000e+0, 4.09846e+1, 0.00000e+0, 3.41201e+0, 0.00000e+0, 3.03438e+0, 0.00000e+0, 0.00000e+0, -2.96448e-1, 0.00000e+0, -4.91106e+0, 0.00000e+0, 9.88142e-2, 0.00000e+0, 4.41258e+0, 0.00000e+0, 4.83677e+1, 0.00000e+0, 2.00000e+1, 2.00000e+1, 3, 1, 
2023/07/24 22:53:13.158, 2.78156e+1, 0.00000e+0, 4.59950e+2, 0.00000e+0, 5.55063e+4, 0.00000e+0, 2.94503e+1, 0.00000e+0, 4.86980e+2, 0.00000e+0, 5.00229e+2, 0.00000e+0, 3.87454e+1, 0.00000e+0, 4.09685e+1, 0.00000e+0, 3.41181e+0, 0.00000e+0, 3.03438e+0, 0.00000e+0, 0.00000e+0, -2.96467e-1, 0.00000e+0, -4.91106e+0, 0.00000e+0, 9.82222e-2, 0.00000e+0, 4.41109e+0, 0.00000e+0, 4.82789e+1, 0.00000e+0, 2.00000e+1, 2.00000e+1, 3, 2, 
2023/07/24 22:53:23.274, 2.75698e+1, 0.00000e+0, 4.59503e+2, 0.00000e+0, 5.54599e+4, 0.00000e+0, 2.91886e+1, 0.00000e+0, 4.86483e+2, 0.00000e+0, 5.00221e+2, 0.00000e+0, 3.87459e+1, 0.00000e+0, 4.09802e+1, 0.00000e+0, 3.41163e+0, 0.00000e+0, 3.03448e+0, 0.00000e+0, 0.00000e+0, -2.96487e-1, 0.00000e+0, -4.91106e+0, 0.00000e+0, 9.87264e-2, 0.00000e+0, 4.40941e+0, 0.00000e+0, 4.81794e+1, 0.00000e+0, 2.00000e+1, 2.00000e+1, 3, 3, 
2023/07/24 22:53:33.456, 2.73004e+1, 0.00000e+0, 4.58764e+2, 0.00000e+0, 5.55325e+4, 0.00000e+0, 2.89056e+1, 0.00000e+0, 4.85738e+2, 0.00000e+0, 5.00228e+2, 0.00000e+0, 3.87458e+1, 0.00000e+0, 4.09531e+1, 0.00000e+0, 3.41086e+0, 0.00000e+0, 3.03466e+0, 0.00000e+0, 0.00000e+0, -2.96508e-1, 0.00000e+0, -4.91106e+0, 0.00000e+0, 9.83284e-2, 0.00000e+0, 4.40814e+0, 0.00000e+0, 4.81037e+1, 0.00000e+0, 2.00000e+1, 2.00000e+1, 3, 4, 
2023/07/24 22:53:43.578, 2.68265e+1, 0.00000e+0, 4.52901e+2, 0.00000e+0, 5.93709e+4, 0.00000e+0, 2.85197e+1, 0.00000e+0, 4.81487e+2, 0.00000e+0, 5.00175e+2, 0.00000e+0, 3.87455e+1, 0.00000e+0, 4.09414e+1, 0.00000e+0, 3.40931e+0, 0.00000e+0, 3.03394e+0, 0.00000e+0, 0.00000e+0, -2.96530e-1, 0.00000e+0, -4.91108e+0, 0.00000e+0, 9.87167e-2, 0.00000e+0, 4.40650e+0, 0.00000e+0, 4.80062e+1, 0.00000e+0, 2.00000e+1, 2.00000e+1, 3, 5, 
2023/07/24 22:53:53.758, 2.61746e+1, 0.00000e+0, 4.50377e+2, 0.00000e+0, 5.99798e+4, 0.00000e+0, 2.78447e+1, 0.00000e+0, 4.79114e+2, 0.00000e+0, 5.00167e+2, 0.00000e+0, 3.87470e+1, 0.00000e+0, 4.09525e+1, 0.00000e+0, 3.40827e+0, 0.00000e+0, 3.03387e+0, 0.00000e+0, 0.00000e+0, -2.96555e-1, 0.00000e+0, -4.91109e+0, 0.00000e+0, 9.82994e-2, 0.00000e+0, 4.40518e+0, 0.00000e+0, 4.79275e+1, 0.00000e+0, 2.00000e+1, 2.00000e+1, 3, 6, 
2023/07/24 22:54:03.883, 2.55496e+1, 0.00000e+0, 4.49278e+2, 0.00000e+0, 5.95474e+4, 0.00000e+0, 2.71674e+1, 0.00000e+0, 4.77725e+2, 0.00000e+0, 5.00182e+2, 0.00000e+0, 3.87386e+1, 0.00000e+0, 4.09572e+1, 0.00000e+0, 3.40743e+0, 0.00000e+0, 3.03416e+0, 0.00000e+0, 0.00000e+0, -2.96583e-1, 0.00000e+0, -4.91110e+0, 0.00000e+0, 9.87264e-2, 0.00000e+0, 4.40378e+0, 0.00000e+0, 4.78442e+1, 0.00000e+0, 2.00000e+1, 2.00000e+1, 3, 7, 
2023/07/24 22:54:14.062, 2.51906e+1, 0.00000e+0, 4.48186e+2, 0.00000e+0, 5.96401e+4, 0.00000e+0, 2.67882e+1, 0.00000e+0, 4.76611e+2, 0.00000e+0, 5.00220e+2, 0.00000e+0, 3.87315e+1, 0.00000e+0, 4.09636e+1, 0.00000e+0, 3.40677e+0, 0.00000e+0, 3.03396e+0, 0.00000e+0, 0.00000e+0, -2.96611e-1, 0.00000e+0, -4.91112e+0, 0.00000e+0, 9.82898e-2, 0.00000e+0, 4.40198e+0, 0.00000e+0, 4.77368e+1, 0.00000e+0, 2.00000e+1, 2.00000e+1, 3, 8, 
2023/07/24 22:54:24.259, 2.48155e+1, 0.00000e+0, 4.48012e+2, 0.00000e+0, 5.92112e+4, 0.00000e+0, 2.63773e+1, 0.00000e+0, 4.76209e+2, 0.00000e+0, 5.00242e+2, 0.00000e+0, 3.87281e+1, 0.00000e+0, 4.09530e+1, 0.00000e+0, 3.40672e+0, 0.00000e+0, 3.03431e+0, 0.00000e+0, 0.00000e+0, -2.96640e-1, 0.00000e+0, -4.91113e+0, 0.00000e+0, 9.80200e-2, 0.00000e+0, 4.40013e+0, 0.00000e+0, 4.76268e+1, 0.00000e+0, 2.00000e+1, 2.00000e+1, 3, 1, 
2023/07/24 22:54:34.363, 2.45008e+1, 0.00000e+0, 4.47799e+2, 0.00000e+0, 5.88147e+4, 0.00000e+0, 2.60319e+1, 0.00000e+0, 4.75782e+2, 0.00000e+0, 5.00232e+2, 0.00000e+0, 3.87264e+1, 0.00000e+0, 4.09538e+1, 0.00000e+0, 3.40625e+0, 0.00000e+0, 3.03423e+0, 0.00000e+0, 0.00000e+0, -2.96670e-1, 0.00000e+0, -4.91114e+0, 0.00000e+0, 9.89903e-2, 0.00000e+0, 4.39836e+0, 0.00000e+0, 4.75213e+1, 0.00000e+0, 2.00000e+1, 2.00000e+1, 3, 2, 
2023/07/24 22:54:44.559, 2.40972e+1, 0.00000e+0, 4.47185e+2, 0.00000e+0, 5.83024e+4, 0.00000e+0, 2.55891e+1, 0.00000e+0, 4.74872e+2, 0.00000e+0, 5.00224e+2, 0.00000e+0, 3.87206e+1, 0.00000e+0, 4.09563e+1, 0.00000e+0, 3.40568e+0, 0.00000e+0, 3.03468e+0, 0.00000e+0, 0.00000e+0, -2.96702e-1, 0.00000e+0, -4.91116e+0, 0.00000e+0, 9.80969e-2, 0.00000e+0, 4.39724e+0, 0.00000e+0, 4.74546e+1, 0.00000e+0, 2.00000e+1, 2.00000e+1, 3, 3, 
2023/07/24 22:54:54.664, 2.37430e+1, 0.00000e+0, 4.46756e+2, 0.00000e+0, 5.80982e+4, 0.00000e+0, 2.52075e+1, 0.00000e+0, 4.74313e+2, 0.00000e+0, 5.00152e+2, 0.00000e+0, 3.87177e+1, 0.00000e+0, 4.09447e+1, 0.00000e+0, 3.40546e+0, 0.00000e+0, 3.03452e+0, 0.00000e+0, 0.00000e+0, -2.96718e-1, 0.00000e+0, -4.91117e+0, 0.00000e+0, 9.89609e-2, 0.00000e+0, 4.39555e+0, 0.00000e+0, 4.73539e+1, 0.00000e+0, 2.00000e+1, 2.00000e+1, 3, 4, 
2023/07/24 22:55:04.860, 2.35326e+1, 0.00000e+0, 4.46535e+2, 0.00000e+0, 5.80986e+4, 0.00000e+0, 2.49842e+1, 0.00000e+0, 4.74078e+2, 0.00000e+0, 5.00143e+2, 0.00000e+0, 3.87179e+1, 0.00000e+0, 4.09397e+1, 0.00000e+0, 3.40482e+0, 0.00000e+0, 3.03409e+0, 0.00000e+0, 0.00000e+0, -2.96736e-1, 0.00000e+0, -4.91119e+0, 0.00000e+0, 9.80681e-2, 0.00000e+0, 4.39404e+0, 0.00000e+0, 4.72643e+1, 0.00000e+0, 2.00000e+1, 2.00000e+1, 3, 5, 
2023/07/24 22:55:14.960, 2.31691e+1, 0.00000e+0, 4.45465e+2, 0.00000e+0, 5.80628e+4, 0.00000e+0, 2.45973e+1, 0.00000e+0, 4.72924e+2, 0.00000e+0, 5.00167e+2, 0.00000e+0, 3.87121e+1, 0.00000e+0, 4.09198e+1, 0.00000e+0, 3.40445e+0, 0.00000e+0, 3.03424e+0, 0.00000e+0, 0.00000e+0, -2.96755e-1, 0.00000e+0, -4.91120e+0, 0.00000e+0, 9.90393e-2, 0.00000e+0, 4.39352e+0, 0.00000e+0, 4.72334e+1, 0.00000e+0, 2.00000e+1, 2.00000e+1, 3, 6, 
2023/07/24 22:55:25.163, 2.29217e+1, 0.00000e+0, 4.44937e+2, 0.00000e+0, 5.80000e+4, 0.00000e+0, 2.43330e+1, 0.00000e+0, 4.72333e+2, 0.00000e+0, 5.00206e+2, 0.00000e+0, 3.87117e+1, 0.00000e+0, 4.09169e+1, 0.00000e+0, 3.40428e+0, 0.00000e+0, 3.03453e+0, 0.00000e+0, 0.00000e+0, -2.96775e-1, 0.00000e+0, -4.91122e+0, 0.00000e+0, 9.79144e-2, 0.00000e+0, 4.39193e+0, 0.00000e+0, 4.71389e+1, 0.00000e+0, 2.00000e+1, 2.00000e+1, 3, 7, 
2023/07/24 22:55:35.264, 2.25889e+1, 0.00000e+0, 4.44052e+2, 0.00000e+0, 5.78667e+4, 0.00000e+0, 2.39764e+1, 0.00000e+0, 4.71326e+2, 0.00000e+0, 5.00217e+2, 0.00000e+0, 3.87089e+1, 0.00000e+0, 4.09103e+1, 0.00000e+0, 3.40368e+0, 0.00000e+0, 3.03457e+0, 0.00000e+0, 0.00000e+0, -2.96797e-1, 0.00000e+0, -4.91123e+0, 0.00000e+0, 9.91080e-2, 0.00000e+0, 4.38979e+0, 0.00000e+0, 4.70116e+1, 0.00000e+0, 2.00000e+1, 2.00000e+1, 3, 8, 
2023/07/24 22:55:45.459, 2.23378e+1, 0.00000e+0, 4.43429e+2, 0.00000e+0, 5.75174e+4, 0.00000e+0, 2.37011e+1, 0.00000e+0, 4.70490e+2, 0.00000e+0, 5.00217e+2, 0.00000e+0, 3.87061e+1, 0.00000e+0, 4.09083e+1, 0.00000e+0, 3.40333e+0, 0.00000e+0, 3.03450e+0, 0.00000e+0, 0.00000e+0, -2.96818e-1, 0.00000e+0, -4.91125e+0, 0.00000e+0, 9.81162e-2, 0.00000e+0, 4.38873e+0, 0.00000e+0, 4.69481e+1, 0.00000e+0, 2.00000e+1, 2.00000e+1, 3, 1, 
2023/07/24 22:55:55.568, 2.19384e+1, 0.00000e+0, 4.42530e+2, 0.00000e+0, 5.72978e+4, 0.00000e+0, 2.32718e+1, 0.00000e+0, 4.69427e+2, 0.00000e+0, 5.00206e+2, 0.00000e+0, 3.87033e+1, 0.00000e+0, 4.09439e+1, 0.00000e+0, 3.40280e+0, 0.00000e+0, 3.03464e+0, 0.00000e+0, 0.00000e+0, -2.96843e-1, 0.00000e+0, -4.91126e+0, 0.00000e+0, 9.88826e-2, 0.00000e+0, 4.38705e+0, 0.00000e+0, 4.68481e+1, 0.00000e+0, 2.00000e+1, 2.00000e+1, 3, 2, 
2023/07/24 22:56:05.758, 2.14282e+1, 0.00000e+0, 4.40629e+2, 0.00000e+0, 5.72622e+4, 0.00000e+0, 2.27298e+1, 0.00000e+0, 4.67393e+2, 0.00000e+0, 5.00170e+2, 0.00000e+0, 3.86985e+1, 0.00000e+0, 4.09657e+1, 0.00000e+0, 3.40203e+0, 0.00000e+0, 3.03481e+0, 0.00000e+0, 0.00000e+0, -2.96870e-1, 0.00000e+0, -4.91128e+0, 0.00000e+0, 9.81354e-2, 0.00000e+0, 4.38534e+0, 0.00000e+0, 4.67463e+1, 0.00000e+0, 2.00000e+1, 2.00000e+1, 3, 3, 
2023/07/24 22:56:15.874, 2.11585e+1, 0.00000e+0, 4.39722e+2, 0.00000e+0, 5.72400e+4, 0.00000e+0, 2.24432e+1, 0.00000e+0, 4.66420e+2, 0.00000e+0, 5.00153e+2, 0.00000e+0, 3.86940e+1, 0.00000e+0, 4.09383e+1, 0.00000e+0, 3.40170e+0, 0.00000e+0, 3.03484e+0, 0.00000e+0, 0.00000e+0, -2.96898e-1, 0.00000e+0, -4.91130e+0, 0.00000e+0, 9.88240e-2, 0.00000e+0, 4.38384e+0, 0.00000e+0, 4.66571e+1, 0.00000e+0, 2.00000e+1, 2.00000e+1, 3, 4, 
2023/07/24 22:56:26.057, 2.07887e+1, 0.00000e+0, 4.38394e+2, 0.00000e+0, 5.71555e+4, 0.00000e+0, 2.20489e+1, 0.00000e+0, 4.64970e+2, 0.00000e+0, 5.00170e+2, 0.00000e+0, 3.86902e+1, 0.00000e+0, 4.09446e+1, 0.00000e+0, 3.40102e+0, 0.00000e+0, 3.03456e+0, 0.00000e+0, 0.00000e+0, -2.96928e-1, 0.00000e+0, -4.91132e+0, 0.00000e+0, 9.82029e-2, 0.00000e+0, 4.38197e+0, 0.00000e+0, 4.65456e+1, 0.00000e+0, 2.00000e+1, 2.00000e+1, 3, 5, 
2023/07/24 22:56:36.190, 2.06227e+1, 0.00000e+0, 4.38250e+2, 0.00000e+0, 5.70671e+4, 0.00000e+0, 2.18708e+1, 0.00000e+0, 4.64773e+2, 0.00000e+0, 5.00205e+2, 0.00000e+0, 3.86907e+1, 0.00000e+0, 4.09390e+1, 0.00000e+0, 3.40073e+0, 0.00000e+0, 3.03453e+0, 0.00000e+0, 0.00000e+0, -2.96958e-1, 0.00000e+0, -4.91133e+0, 0.00000e+0, 9.87069e-2, 0.00000e+0, 4.38033e+0, 0.00000e+0, 4.64479e+1, 0.00000e+0, 2.00000e+1, 2.00000e+1, 3, 6, 
2023/07/24 22:56:46.360, 2.02425e+1, 0.00000e+0, 4.37926e+2, 0.00000e+0, 5.68885e+4, 0.00000e+0, 2.14635e+1, 0.00000e+0, 4.64342e+2, 0.00000e+0, 5.00222e+2, 0.00000e+0, 3.86863e+1, 0.00000e+0, 4.09375e+1, 0.00000e+0, 3.40011e+0, 0.00000e+0, 3.03463e+0, 0.00000e+0, 0.00000e+0, -2.96989e-1, 0.00000e+0, -4.91135e+0, 0.00000e+0, 9.83381e-2, 0.00000e+0, 4.37876e+0, 0.00000e+0, 4.63551e+1, 0.00000e+0, 2.00000e+1, 2.00000e+1, 3, 7, 
2023/07/24 22:56:56.552, 1.99584e+1, 0.00000e+0, 4.37726e+2, 0.00000e+0, 5.66980e+4, 0.00000e+0, 2.11580e+1, 0.00000e+0, 4.64036e+2, 0.00000e+0, 5.00224e+2, 0.00000e+0, 3.86825e+1, 0.00000e+0, 4.09400e+1, 0.00000e+0, 3.39966e+0, 0.00000e+0, 3.03450e+0, 0.00000e+0, 0.00000e+0, -2.97022e-1, 0.00000e+0, -4.91136e+0, 0.00000e+0, 9.81162e-2, 0.00000e+0, 4.37710e+0, 0.00000e+0, 4.62560e+1, 0.00000e+0, 2.00000e+1, 2.00000e+1, 3, 8, 
2023/07/24 22:57:06.661, 1.97571e+1, 0.00000e+0, 4.37104e+2, 0.00000e+0, 5.65241e+4, 0.00000e+0, 2.09408e+1, 0.00000e+0, 4.63291e+2, 0.00000e+0, 5.00222e+2, 0.00000e+0, 3.86790e+1, 0.00000e+0, 4.09554e+1, 0.00000e+0, 3.39935e+0, 0.00000e+0, 3.03470e+0, 0.00000e+0, 0.00000e+0, -2.97038e-1, 0.00000e+0, -4.91136e+0, 0.00000e+0, 9.89707e-2, 0.00000e+0, 4.37560e+0, 0.00000e+0, 4.61664e+1, 0.00000e+0, 2.00000e+1, 2.00000e+1, 3, 1, 
2023/07/24 22:57:16.847, 1.95026e+1, 0.00000e+0, 4.36346e+2, 0.00000e+0, 5.64163e+4, 0.00000e+0, 2.06686e+1, 0.00000e+0, 4.62435e+2, 0.00000e+0, 5.00207e+2, 0.00000e+0, 3.86761e+1, 0.00000e+0, 4.09439e+1, 0.00000e+0, 3.39889e+0, 0.00000e+0, 3.03477e+0, 0.00000e+0, 0.00000e+0, -2.97055e-1, 0.00000e+0, -4.91136e+0, 0.00000e+0, 9.81836e-2, 0.00000e+0, 4.37412e+0, 0.00000e+0, 4.60785e+1, 0.00000e+0, 2.00000e+1, 2.00000e+1, 3, 2, 
2023/07/24 22:57:26.960, 1.90849e+1, 0.00000e+0, 4.34981e+2, 0.00000e+0, 5.63306e+4, 0.00000e+0, 2.02242e+1, 0.00000e+0, 4.60947e+2, 0.00000e+0, 5.00181e+2, 0.00000e+0, 3.86744e+1, 0.00000e+0, 4.09113e+1, 0.00000e+0, 3.39837e+0, 0.00000e+0, 3.03479e+0, 0.00000e+0, 0.00000e+0, -2.97074e-1, 0.00000e+0, -4.91136e+0, 0.00000e+0, 9.88728e-2, 0.00000e+0, 4.37218e+0, 0.00000e+0, 4.59631e+1, 0.00000e+0, 2.00000e+1, 2.00000e+1, 3, 3, 
2023/07/24 22:57:37.152, 1.88021e+1, 0.00000e+0, 4.34003e+2, 0.00000e+0, 5.62283e+4, 0.00000e+0, 1.99223e+1, 0.00000e+0, 4.59860e+2, 0.00000e+0, 5.00190e+2, 0.00000e+0, 3.86739e+1, 0.00000e+0, 4.08864e+1, 0.00000e+0, 3.39772e+0, 0.00000e+0, 3.03492e+0, 0.00000e+0, 0.00000e+0, -2.97094e-1, 0.00000e+0, -4.91136e+0, 0.00000e+0, 9.81451e-2, 0.00000e+0, 4.37069e+0, 0.00000e+0, 4.58742e+1, 0.00000e+0, 2.00000e+1, 2.00000e+1, 3, 4, 
2023/07/24 22:57:47.263, 1.84671e+1, 0.00000e+0, 4.32956e+2, 0.00000e+0, 5.60844e+4, 0.00000e+0, 1.95643e+1, 0.00000e+0, 4.58681e+2, 0.00000e+0, 5.00225e+2, 0.00000e+0, 3.86728e+1, 0.00000e+0, 4.08752e+1, 0.00000e+0, 3.39757e+0, 0.00000e+0, 3.03502e+0, 0.00000e+0, 0.00000e+0, -2.97118e-1, 0.00000e+0, -4.91136e+0, 0.00000e+0, 9.89120e-2, 0.00000e+0, 4.36871e+0, 0.00000e+0, 4.57568e+1, 0.00000e+0, 2.00000e+1, 2.00000e+1, 3, 5, 
2023/07/24 22:57:57.460, 1.80878e+1, 0.00000e+0, 4.31730e+2, 0.00000e+0, 5.59293e+4, 0.00000e+0, 1.91594e+1, 0.00000e+0, 4.57306e+2, 0.00000e+0, 5.00245e+2, 0.00000e+0, 3.86707e+1, 0.00000e+0, 4.08830e+1, 0.00000e+0, 3.39697e+0, 0.00000e+0, 3.03477e+0, 0.00000e+0, 0.00000e+0, -2.97143e-1, 0.00000e+0, -4.91136e+0, 0.00000e+0, 9.80873e-2, 0.00000e+0, 4.36696e+0, 0.00000e+0, 4.56522e+1, 0.00000e+0, 2.00000e+1, 2.00000e+1, 3, 6, 
2023/07/24 22:58:07.579, 1.78242e+1, 0.00000e+0, 4.31119e+2, 0.00000e+0, 5.56321e+4, 0.00000e+0, 1.88742e+1, 0.00000e+0, 4.56516e+2, 0.00000e+0, 5.00236e+2, 0.00000e+0, 3.86690e+1, 0.00000e+0, 4.08885e+1, 0.00000e+0, 3.39695e+0, 0.00000e+0, 3.03514e+0, 0.00000e+0, 0.00000e+0, -2.97169e-1, 0.00000e+0, -4.91136e+0, 0.00000e+0, 9.87849e-2, 0.00000e+0, 4.36523e+0, 0.00000e+0, 4.55495e+1, 0.00000e+0, 2.00000e+1, 2.00000e+1, 3, 7, 
2023/07/24 22:58:17.758, 1.74850e+1, 0.00000e+0, 4.30047e+2, 0.00000e+0, 5.54879e+4, 0.00000e+0, 1.85122e+1, 0.00000e+0, 4.55312e+2, 0.00000e+0, 5.00214e+2, 0.00000e+0, 3.86636e+1, 0.00000e+0, 4.08939e+1, 0.00000e+0, 3.39622e+0, 0.00000e+0, 3.03507e+0, 0.00000e+0, 0.00000e+0, -2.97196e-1, 0.00000e+0, -4.91136e+0, 0.00000e+0, 9.82318e-2, 0.00000e+0, 4.36345e+0, 0.00000e+0, 4.54434e+1, 0.00000e+0, 2.00000e+1, 2.00000e+1, 3, 8, 
2023/07/24 22:58:27.891, 1.73819e+1, 0.00000e+0, 4.29977e+2, 0.00000e+0, 5.53604e+4, 0.00000e+0, 1.84006e+1, 0.00000e+0, 4.55176e+2, 0.00000e+0, 5.00208e+2, 0.00000e+0, 3.86629e+1, 0.00000e+0, 4.08742e+1, 0.00000e+0, 3.39611e+0, 0.00000e+0, 3.03501e+0, 0.00000e+0, 0.00000e+0, -2.97221e-1, 0.00000e+0, -4.91136e+0, 0.00000e+0, 9.85804e-2, 0.00000e+0, 4.36153e+0, 0.00000e+0, 4.53294e+1, 0.00000e+0, 2.00000e+1, 2.00000e+1, 3, 1, 
2023/07/24 22:58:38.065, 1.71118e+1, 0.00000e+0, 4.28879e+2, 0.00000e+0, 5.53732e+4, 0.00000e+0, 1.81149e+1, 0.00000e+0, 4.54019e+2, 0.00000e+0, 5.00177e+2, 0.00000e+0, 3.86599e+1, 0.00000e+0, 4.09084e+1, 0.00000e+0, 3.39568e+0, 0.00000e+0, 3.03488e+0, 0.00000e+0, 0.00000e+0, -2.97247e-1, 0.00000e+0, -4.91135e+0, 0.00000e+0, 9.84640e-2, 0.00000e+0, 4.35948e+0, 0.00000e+0, 4.52074e+1, 0.00000e+0, 2.00000e+1, 2.00000e+1, 3, 2, 
2023/07/24 22:58:48.255, 1.68663e+1, 0.00000e+0, 4.28033e+2, 0.00000e+0, 5.54368e+4, 0.00000e+0, 1.78562e+1, 0.00000e+0, 4.53155e+2, 0.00000e+0, 5.00188e+2, 0.00000e+0, 3.86582e+1, 0.00000e+0, 4.09463e+1, 0.00000e+0, 3.39522e+0, 0.00000e+0, 3.03516e+0, 0.00000e+0, 0.00000e+0, -2.97274e-1, 0.00000e+0, -4.91134e+0, 0.00000e+0, 9.80008e-2, 0.00000e+0, 4.35783e+0, 0.00000e+0, 4.51091e+1, 0.00000e+0, 2.00000e+1, 2.00000e+1, 3, 3, 
2023/07/24 22:58:58.361, 1.66738e+1, 0.00000e+0, 4.27399e+2, 0.00000e+0, 5.54105e+4, 0.00000e+0, 1.76519e+1, 0.00000e+0, 4.52471e+2, 0.00000e+0, 5.00220e+2, 0.00000e+0, 3.86603e+1, 0.00000e+0, 4.09596e+1, 0.00000e+0, 3.39509e+0, 0.00000e+0, 3.03480e+0, 0.00000e+0, 0.00000e+0, -2.97303e-1, 0.00000e+0, -4.91133e+0, 0.00000e+0, 9.90982e-2, 0.00000e+0, 4.35556e+0, 0.00000e+0, 4.49737e+1, 0.00000e+0, 2.00000e+1, 2.00000e+1, 3, 4, 
2023/07/24 22:59:08.566, 1.64058e+1, 0.00000e+0, 4.26806e+2, 0.00000e+0, 5.53894e+4, 0.00000e+0, 1.73678e+1, 0.00000e+0, 4.51832e+2, 0.00000e+0, 5.00226e+2, 0.00000e+0, 3.86572e+1, 0.00000e+0, 4.09604e+1, 0.00000e+0, 3.39458e+0, 0.00000e+0, 3.03513e+0, 0.00000e+0, 0.00000e+0, -2.97316e-1, 0.00000e+0, -4.91132e+0, 0.00000e+0, 9.79240e-2, 0.00000e+0, 4.35355e+0, 0.00000e+0, 4.48539e+1, 0.00000e+0, 2.00000e+1, 2.00000e+1, 3, 5, 
2023/07/24 22:59:18.663, 1.63602e+1, 0.00000e+0, 4.26806e+2, 0.00000e+0, 5.52835e+4, 0.00000e+0, 1.73176e+1, 0.00000e+0, 4.51782e+2, 0.00000e+0, 5.00245e+2, 0.00000e+0, 3.86543e+1, 0.00000e+0, 4.09585e+1, 0.00000e+0, 3.39466e+0, 0.00000e+0, 3.03500e+0, 0.00000e+0, 0.00000e+0, -2.97329e-1, 0.00000e+0, -4.91132e+0, 0.00000e+0, 9.91080e-2, 0.00000e+0, 4.35165e+0, 0.00000e+0, 4.47409e+1, 0.00000e+0, 2.00000e+1, 2.00000e+1, 3, 6, 
2023/07/24 22:59:28.859, 1.61753e+1, 0.00000e+0, 4.26129e+2, 0.00000e+0, 5.52993e+4, 0.00000e+0, 1.71221e+1, 0.00000e+0, 4.51073e+2, 0.00000e+0, 5.00209e+2, 0.00000e+0, 3.86508e+1, 0.00000e+0, 4.09541e+1, 0.00000e+0, 3.39428e+0, 0.00000e+0, 3.03504e+0, 0.00000e+0, 0.00000e+0, -2.97343e-1, 0.00000e+0, -4.91132e+0, 0.00000e+0, 9.80969e-2, 0.00000e+0, 4.34971e+0, 0.00000e+0, 4.46254e+1, 0.00000e+0, 2.00000e+1, 2.00000e+1, 3, 7, 
2023/07/24 22:59:38.968, 1.60568e+1, 0.00000e+0, 4.25844e+2, 0.00000e+0, 5.53335e+4, 0.00000e+0, 1.69973e+1, 0.00000e+0, 4.50788e+2, 0.00000e+0, 5.00196e+2, 0.00000e+0, 3.86466e+1, 0.00000e+0, 4.09277e+1, 0.00000e+0, 3.39403e+0, 0.00000e+0, 3.03510e+0, 0.00000e+0, 0.00000e+0, -2.97355e-1, 0.00000e+0, -4.91132e+0, 0.00000e+0, 9.89120e-2, 0.00000e+0, 4.34787e+0, 0.00000e+0, 4.45163e+1, 0.00000e+0, 2.00000e+1, 2.00000e+1, 3, 8, 
2023/07/24 22:59:49.158, 1.58456e+1, 0.00000e+0, 4.25617e+2, 0.00000e+0, 5.50148e+4, 0.00000e+0, 1.67681e+1, 0.00000e+0, 4.50396e+2, 0.00000e+0, 5.00158e+2, 0.00000e+0, 3.86437e+1, 0.00000e+0, 4.09343e+1, 0.00000e+0, 3.39388e+0, 0.00000e+0, 3.03513e+0, 0.00000e+0, 0.00000e+0, -2.97366e-1, 0.00000e+0, -4.91132e+0, 0.00000e+0, 9.81643e-2, 0.00000e+0, 4.34640e+0, 0.00000e+0, 4.44287e+1, 0.00000e+0, 2.00000e+1, 2.00000e+1, 3, 1, 
2023/07/24 22:59:59.272, 1.56091e+1, 0.00000e+0, 4.25006e+2, 0.00000e+0, 5.47414e+4, 0.00000e+0, 1.65131e+1, 0.00000e+0, 4.49619e+2, 0.00000e+0, 5.00175e+2, 0.00000e+0, 3.86399e+1, 0.00000e+0, 4.09431e+1, 0.00000e+0, 3.39326e+0, 0.00000e+0, 3.03538e+0, 0.00000e+0, 0.00000e+0, -2.97378e-1, 0.00000e+0, -4.91132e+0, 0.00000e+0, 9.88533e-2, 0.00000e+0, 4.34491e+0, 0.00000e+0, 4.43398e+1, 0.00000e+0, 2.00000e+1, 2.00000e+1, 3, 2, 
2023/07/24 23:00:09.461, 1.53910e+1, 0.00000e+0, 4.24995e+2, 0.00000e+0, 5.45830e+4, 0.00000e+0, 1.62796e+1, 0.00000e+0, 4.49532e+2, 0.00000e+0, 5.00221e+2, 0.00000e+0, 3.86412e+1, 0.00000e+0, 4.09698e+1, 0.00000e+0, 3.39306e+0, 0.00000e+0, 3.03506e+0, 0.00000e+0, 0.00000e+0, -2.97390e-1, 0.00000e+0, -4.91132e+0, 0.00000e+0, 9.81258e-2, 0.00000e+0, 4.34314e+0, 0.00000e+0, 4.42345e+1, 0.00000e+0, 2.00000e+1, 2.00000e+1, 3, 3, 
2023/07/24 23:00:19.576, 1.52519e+1, 0.00000e+0, 4.24747e+2, 0.00000e+0, 5.45330e+4, 0.00000e+0, 1.61316e+1, 0.00000e+0, 4.49246e+2, 0.00000e+0, 5.00240e+2, 0.00000e+0, 3.86427e+1, 0.00000e+0, 4.09654e+1, 0.00000e+0, 3.39292e+0, 0.00000e+0, 3.03507e+0, 0.00000e+0, 0.00000e+0, -2.97404e-1, 0.00000e+0, -4.91132e+0, 0.00000e+0, 9.88338e-2, 0.00000e+0, 4.34138e+0, 0.00000e+0, 4.41296e+1, 0.00000e+0, 2.00000e+1, 2.00000e+1, 3, 4, 

