SN:3K430000012749 BD:Apr 19 2021 VC:7d9ffae MD5:34e03199e6006f2831fb02c414d62259
                     Time,      [CH4]_ppm,   [CH4]_ppm_sd,      [CO2]_ppm,   [CO2]_ppm_sd,      [H2O]_ppm,   [H2O]_ppm_sd,     [CH4]d_ppm,  [CH4]d_ppm_sd,     [CO2]d_ppm,  [CO2]d_ppm_sd,      GasP_torr,   GasP_torr_sd,         GasT_C,      GasT_C_sd,         AmbT_C,      AmbT_C_sd,         RD0_us,      RD0_us_sd,         RD1_us,      RD1_us_sd,     RD0_raw_us,         LTC0_v,      LTC0_v_sd,         LTC1_v,      LTC1_v_sd,             HZ,          HZ_sd,         Batt_v,      Batt_v_sd,        BattPer,     BattPer_sd, Temp_Status_mA,Analyzer_Status_mA,       Fit_Flag,      MIU_VALVE,       MIU_DESC
2023/07/24 19:58:15.967, 3.15667e+2, 0.00000e+0, 6.17284e+2, 0.00000e+0, 4.67769e+4, 0.00000e+0, 3.31157e+2, 0.00000e+0, 6.47576e+2, 0.00000e+0, 5.00310e+2, 0.00000e+0, 3.88471e+1, 0.00000e+0, 4.27031e+1, 0.00000e+0, 3.83005e+0, 0.00000e+0, 3.03487e+0, 0.00000e+0, 0.00000e+0, -2.93198e-1, 0.00000e+0, -4.91032e+0, 0.00000e+0, 9.81740e-2, 0.00000e+0, 4.59064e+0, 0.00000e+0, 5.89668e+1, 0.00000e+0, 2.00000e+1, 2.00000e+1, 3, 4, 
2023/07/24 19:58:26.090, 3.15527e+2, 0.00000e+0, 6.17806e+2, 0.00000e+0, 4.66773e+4, 0.00000e+0, 3.30977e+2, 0.00000e+0, 6.48055e+2, 0.00000e+0, 5.00337e+2, 0.00000e+0, 3.88659e+1, 0.00000e+0, 4.27348e+1, 0.00000e+0, 3.82998e+0, 0.00000e+0, 3.03496e+0, 0.00000e+0, 0.00000e+0, -2.93185e-1, 0.00000e+0, -4.91031e+0, 0.00000e+0, 9.87947e-2, 0.00000e+0, 4.58938e+0, 0.00000e+0, 5.88919e+1, 0.00000e+0, 2.00000e+1, 2.00000e+1, 3, 5, 
2023/07/24 19:58:36.270, 3.15255e+2, 0.00000e+0, 6.17440e+2, 0.00000e+0, 4.67194e+4, 0.00000e+0, 3.30705e+2, 0.00000e+0, 6.47700e+2, 0.00000e+0, 5.00358e+2, 0.00000e+0, 3.88902e+1, 0.00000e+0, 4.27487e+1, 0.00000e+0, 3.82942e+0, 0.00000e+0, 3.03488e+0, 0.00000e+0, 0.00000e+0, -2.93173e-1, 0.00000e+0, -4.91030e+0, 0.00000e+0, 9.82415e-2, 0.00000e+0, 4.58839e+0, 0.00000e+0, 5.88327e+1, 0.00000e+0, 2.00000e+1, 2.00000e+1, 3, 6, 
2023/07/24 19:58:46.465, 3.14954e+2, 0.00000e+0, 6.16996e+2, 0.00000e+0, 4.69625e+4, 0.00000e+0, 3.30474e+2, 0.00000e+0, 6.47400e+2, 0.00000e+0, 5.00347e+2, 0.00000e+0, 3.89114e+1, 0.00000e+0, 4.27527e+1, 0.00000e+0, 3.82790e+0, 0.00000e+0, 3.03481e+0, 0.00000e+0, 0.00000e+0, -2.93161e-1, 0.00000e+0, -4.91029e+0, 0.00000e+0, 9.80969e-2, 0.00000e+0, 4.58703e+0, 0.00000e+0, 5.87519e+1, 0.00000e+0, 2.00000e+1, 2.00000e+1, 3, 7, 
2023/07/24 19:58:56.564, 3.14635e+2, 0.00000e+0, 6.16774e+2, 0.00000e+0, 4.70211e+4, 0.00000e+0, 3.30159e+2, 0.00000e+0, 6.47206e+2, 0.00000e+0, 5.00350e+2, 0.00000e+0, 3.89279e+1, 0.00000e+0, 4.27644e+1, 0.00000e+0, 3.82823e+0, 0.00000e+0, 3.03514e+0, 0.00000e+0, 0.00000e+0, -2.93148e-1, 0.00000e+0, -4.91027e+0, 0.00000e+0, 9.90589e-2, 0.00000e+0, 4.58569e+0, 0.00000e+0, 5.86719e+1, 0.00000e+0, 2.00000e+1, 2.00000e+1, 3, 8, 
2023/07/24 19:59:06.762, 3.14397e+2, 0.00000e+0, 6.16541e+2, 0.00000e+0, 4.71982e+4, 0.00000e+0, 3.29971e+2, 0.00000e+0, 6.47082e+2, 0.00000e+0, 5.00307e+2, 0.00000e+0, 3.89465e+1, 0.00000e+0, 4.27571e+1, 0.00000e+0, 3.82770e+0, 0.00000e+0, 3.03523e+0, 0.00000e+0, 0.00000e+0, -2.93133e-1, 0.00000e+0, -4.91026e+0, 0.00000e+0, 9.80681e-2, 0.00000e+0, 4.58444e+0, 0.00000e+0, 5.85978e+1, 0.00000e+0, 2.00000e+1, 2.00000e+1, 3, 1, 
2023/07/24 19:59:16.866, 3.13994e+2, 0.00000e+0, 6.16513e+2, 0.00000e+0, 4.90141e+4, 0.00000e+0, 3.30178e+2, 0.00000e+0, 6.48289e+2, 0.00000e+0, 5.00284e+2, 0.00000e+0, 3.89686e+1, 0.00000e+0, 4.27544e+1, 0.00000e+0, 3.82698e+0, 0.00000e+0, 3.03473e+0, 0.00000e+0, 0.00000e+0, -2.93120e-1, 0.00000e+0, -4.91025e+0, 0.00000e+0, 9.89609e-2, 0.00000e+0, 4.58318e+0, 0.00000e+0, 5.85225e+1, 0.00000e+0, 2.00000e+1, 2.00000e+1, 3, 2, 
2023/07/24 19:59:27.065, 3.13611e+2, 0.00000e+0, 6.16361e+2, 0.00000e+0, 4.91384e+4, 0.00000e+0, 3.29817e+2, 0.00000e+0, 6.48214e+2, 0.00000e+0, 5.00290e+2, 0.00000e+0, 3.89899e+1, 0.00000e+0, 4.27645e+1, 0.00000e+0, 3.82612e+0, 0.00000e+0, 3.03511e+0, 0.00000e+0, 0.00000e+0, -2.93105e-1, 0.00000e+0, -4.91024e+0, 0.00000e+0, 9.80584e-2, 0.00000e+0, 4.58178e+0, 0.00000e+0, 5.84391e+1, 0.00000e+0, 2.00000e+1, 2.00000e+1, 3, 3, 
2023/07/24 19:59:37.168, 3.13200e+2, 0.00000e+0, 6.16204e+2, 0.00000e+0, 4.94119e+4, 0.00000e+0, 3.29480e+2, 0.00000e+0, 6.48234e+2, 0.00000e+0, 5.00320e+2, 0.00000e+0, 3.90116e+1, 0.00000e+0, 4.27971e+1, 0.00000e+0, 3.82558e+0, 0.00000e+0, 3.03513e+0, 0.00000e+0, 0.00000e+0, -2.93091e-1, 0.00000e+0, -4.91023e+0, 0.00000e+0, 9.89609e-2, 0.00000e+0, 4.58038e+0, 0.00000e+0, 5.83561e+1, 0.00000e+0, 2.00000e+1, 2.00000e+1, 3, 4, 
2023/07/24 19:59:47.369, 3.12681e+2, 0.00000e+0, 6.16125e+2, 0.00000e+0, 4.95739e+4, 0.00000e+0, 3.28990e+2, 0.00000e+0, 6.48262e+2, 0.00000e+0, 5.00358e+2, 0.00000e+0, 3.90291e+1, 0.00000e+0, 4.28135e+1, 0.00000e+0, 3.82587e+0, 0.00000e+0, 3.03556e+0, 0.00000e+0, 0.00000e+0, -2.93076e-1, 0.00000e+0, -4.91023e+0, 0.00000e+0, 9.80681e-2, 0.00000e+0, 4.57882e+0, 0.00000e+0, 5.82629e+1, 0.00000e+0, 2.00000e+1, 2.00000e+1, 3, 5, 
2023/07/24 19:59:57.471, 3.12433e+2, 0.00000e+0, 6.16427e+2, 0.00000e+0, 4.96745e+4, 0.00000e+0, 3.28764e+2, 0.00000e+0, 6.48648e+2, 0.00000e+0, 5.00356e+2, 0.00000e+0, 3.90512e+1, 0.00000e+0, 4.28398e+1, 0.00000e+0, 3.82625e+0, 0.00000e+0, 3.03588e+0, 0.00000e+0, 0.00000e+0, -2.93062e-1, 0.00000e+0, -4.91023e+0, 0.00000e+0, 9.90001e-2, 0.00000e+0, 4.57735e+0, 0.00000e+0, 5.81753e+1, 0.00000e+0, 2.00000e+1, 2.00000e+1, 3, 6, 
2023/07/24 20:00:07.673, 3.12222e+2, 0.00000e+0, 6.16678e+2, 0.00000e+0, 4.97689e+4, 0.00000e+0, 3.28575e+2, 0.00000e+0, 6.48977e+2, 0.00000e+0, 5.00351e+2, 0.00000e+0, 3.90700e+1, 0.00000e+0, 4.28404e+1, 0.00000e+0, 3.82588e+0, 0.00000e+0, 3.03567e+0, 0.00000e+0, 0.00000e+0, -2.93046e-1, 0.00000e+0, -4.91023e+0, 0.00000e+0, 9.80584e-2, 0.00000e+0, 4.57581e+0, 0.00000e+0, 5.80837e+1, 0.00000e+0, 2.00000e+1, 2.00000e+1, 3, 7, 
2023/07/24 20:00:17.776, 3.12129e+2, 0.00000e+0, 6.17091e+2, 0.00000e+0, 4.97830e+4, 0.00000e+0, 3.28482e+2, 0.00000e+0, 6.49421e+2, 0.00000e+0, 5.00295e+2, 0.00000e+0, 3.90917e+1, 0.00000e+0, 4.28392e+1, 0.00000e+0, 3.82598e+0, 0.00000e+0, 3.03589e+0, 0.00000e+0, 0.00000e+0, -2.93030e-1, 0.00000e+0, -4.91023e+0, 0.00000e+0, 9.89511e-2, 0.00000e+0, 4.57416e+0, 0.00000e+0, 5.79855e+1, 0.00000e+0, 2.00000e+1, 2.00000e+1, 3, 8, 
2023/07/24 20:00:27.965, 3.12041e+2, 0.00000e+0, 6.17399e+2, 0.00000e+0, 4.99003e+4, 0.00000e+0, 3.28430e+2, 0.00000e+0, 6.49826e+2, 0.00000e+0, 5.00236e+2, 0.00000e+0, 3.91106e+1, 0.00000e+0, 4.28244e+1, 0.00000e+0, 3.82570e+0, 0.00000e+0, 3.03563e+0, 0.00000e+0, 0.00000e+0, -2.93011e-1, 0.00000e+0, -4.91022e+0, 0.00000e+0, 9.81354e-2, 0.00000e+0, 4.57360e+0, 0.00000e+0, 5.79526e+1, 0.00000e+0, 2.00000e+1, 2.00000e+1, 3, 1, 
2023/07/24 20:00:38.086, 3.11761e+2, 0.00000e+0, 6.17730e+2, 0.00000e+0, 4.99512e+4, 0.00000e+0, 3.28152e+2, 0.00000e+0, 6.50209e+2, 0.00000e+0, 5.00248e+2, 0.00000e+0, 3.91294e+1, 0.00000e+0, 4.28474e+1, 0.00000e+0, 3.82599e+0, 0.00000e+0, 3.03564e+0, 0.00000e+0, 0.00000e+0, -2.92994e-1, 0.00000e+0, -4.91022e+0, 0.00000e+0, 9.87947e-2, 0.00000e+0, 4.57274e+0, 0.00000e+0, 5.79013e+1, 0.00000e+0, 2.00000e+1, 2.00000e+1, 3, 2, 
2023/07/24 20:00:48.268, 3.11409e+2, 0.00000e+0, 6.18065e+2, 0.00000e+0, 5.00271e+4, 0.00000e+0, 3.27809e+2, 0.00000e+0, 6.50613e+2, 0.00000e+0, 5.00283e+2, 0.00000e+0, 3.91487e+1, 0.00000e+0, 4.28605e+1, 0.00000e+0, 3.82553e+0, 0.00000e+0, 3.03600e+0, 0.00000e+0, 0.00000e+0, -2.92977e-1, 0.00000e+0, -4.91022e+0, 0.00000e+0, 9.82898e-2, 0.00000e+0, 4.57175e+0, 0.00000e+0, 5.78422e+1, 0.00000e+0, 2.00000e+1, 2.00000e+1, 3, 3, 
2023/07/24 20:00:58.391, 3.10984e+2, 0.00000e+0, 6.18591e+2, 0.00000e+0, 4.98602e+4, 0.00000e+0, 3.27303e+2, 0.00000e+0, 6.51053e+2, 0.00000e+0, 5.00322e+2, 0.00000e+0, 3.91672e+1, 0.00000e+0, 4.28580e+1, 0.00000e+0, 3.82620e+0, 0.00000e+0, 3.03632e+0, 0.00000e+0, 0.00000e+0, -2.92977e-1, 0.00000e+0, -4.91021e+0, 0.00000e+0, 9.87264e-2, 0.00000e+0, 4.57078e+0, 0.00000e+0, 5.77845e+1, 0.00000e+0, 2.00000e+1, 2.00000e+1, 3, 4, 
2023/07/24 20:01:08.565, 3.10684e+2, 0.00000e+0, 6.18961e+2, 0.00000e+0, 4.97526e+4, 0.00000e+0, 3.26951e+2, 0.00000e+0, 6.51369e+2, 0.00000e+0, 5.00331e+2, 0.00000e+0, 3.91858e+1, 0.00000e+0, 4.28681e+1, 0.00000e+0, 3.82626e+0, 0.00000e+0, 3.03628e+0, 0.00000e+0, 0.00000e+0, -2.92977e-1, 0.00000e+0, -4.91021e+0, 0.00000e+0, 9.83865e-2, 0.00000e+0, 4.56967e+0, 0.00000e+0, 5.77182e+1, 0.00000e+0, 2.00000e+1, 2.00000e+1, 3, 5, 
2023/07/24 20:01:18.695, 3.10368e+2, 0.00000e+0, 6.19148e+2, 0.00000e+0, 4.98740e+4, 0.00000e+0, 3.26660e+2, 0.00000e+0, 6.51648e+2, 0.00000e+0, 5.00332e+2, 0.00000e+0, 3.92041e+1, 0.00000e+0, 4.28726e+1, 0.00000e+0, 3.82555e+0, 0.00000e+0, 3.03642e+0, 0.00000e+0, 0.00000e+0, -2.92977e-1, 0.00000e+0, -4.91021e+0, 0.00000e+0, 9.85902e-2, 0.00000e+0, 4.56834e+0, 0.00000e+0, 5.76395e+1, 0.00000e+0, 2.00000e+1, 2.00000e+1, 3, 6, 
2023/07/24 20:01:28.868, 3.10120e+2, 0.00000e+0, 6.18834e+2, 0.00000e+0, 5.01219e+4, 0.00000e+0, 3.26484e+2, 0.00000e+0, 6.51488e+2, 0.00000e+0, 5.00301e+2, 0.00000e+0, 3.92225e+1, 0.00000e+0, 4.28500e+1, 0.00000e+0, 3.82489e+0, 0.00000e+0, 3.03603e+0, 0.00000e+0, 0.00000e+0, -2.92977e-1, 0.00000e+0, -4.91020e+0, 0.00000e+0, 9.83284e-2, 0.00000e+0, 4.56713e+0, 0.00000e+0, 5.75670e+1, 0.00000e+0, 2.00000e+1, 2.00000e+1, 3, 7, 
2023/07/24 20:01:39.060, 3.09880e+2, 0.00000e+0, 6.18823e+2, 0.00000e+0, 5.02306e+4, 0.00000e+0, 3.26268e+2, 0.00000e+0, 6.51550e+2, 0.00000e+0, 5.00260e+2, 0.00000e+0, 3.92400e+1, 0.00000e+0, 4.28220e+1, 0.00000e+0, 3.82452e+0, 0.00000e+0, 3.03626e+0, 0.00000e+0, 0.00000e+0, -2.92977e-1, 0.00000e+0, -4.91020e+0, 0.00000e+0, 9.81836e-2, 0.00000e+0, 4.56566e+0, 0.00000e+0, 5.74798e+1, 0.00000e+0, 2.00000e+1, 2.00000e+1, 3, 8, 
2023/07/24 20:01:49.166, 3.09632e+2, 0.00000e+0, 6.18549e+2, 0.00000e+0, 5.04046e+4, 0.00000e+0, 3.26068e+2, 0.00000e+0, 6.51382e+2, 0.00000e+0, 5.00231e+2, 0.00000e+0, 3.92569e+1, 0.00000e+0, 4.28064e+1, 0.00000e+0, 3.82389e+0, 0.00000e+0, 3.03629e+0, 0.00000e+0, 0.00000e+0, -2.92977e-1, 0.00000e+0, -4.91020e+0, 0.00000e+0, 9.89903e-2, 0.00000e+0, 4.56470e+0, 0.00000e+0, 5.74224e+1, 0.00000e+0, 2.00000e+1, 2.00000e+1, 3, 1, 
2023/07/24 20:01:59.361, 3.09287e+2, 0.00000e+0, 6.17896e+2, 0.00000e+0, 5.07073e+4, 0.00000e+0, 3.25808e+2, 0.00000e+0, 6.50901e+2, 0.00000e+0, 5.00254e+2, 0.00000e+0, 3.92696e+1, 0.00000e+0, 4.27882e+1, 0.00000e+0, 3.82326e+0, 0.00000e+0, 3.03621e+0, 0.00000e+0, 0.00000e+0, -2.92977e-1, 0.00000e+0, -4.91020e+0, 0.00000e+0, 9.80584e-2, 0.00000e+0, 4.56337e+0, 0.00000e+0, 5.73434e+1, 0.00000e+0, 2.00000e+1, 2.00000e+1, 3, 2, 
2023/07/24 20:02:09.467, 3.08972e+2, 0.00000e+0, 6.18045e+2, 0.00000e+0, 5.06712e+4, 0.00000e+0, 3.25463e+2, 0.00000e+0, 6.51033e+2, 0.00000e+0, 5.00301e+2, 0.00000e+0, 3.92875e+1, 0.00000e+0, 4.28042e+1, 0.00000e+0, 3.82345e+0, 0.00000e+0, 3.03610e+0, 0.00000e+0, 0.00000e+0, -2.92977e-1, 0.00000e+0, -4.91020e+0, 0.00000e+0, 9.90001e-2, 0.00000e+0, 4.56195e+0, 0.00000e+0, 5.72589e+1, 0.00000e+0, 2.00000e+1, 2.00000e+1, 3, 3, 
2023/07/24 20:02:19.663, 3.08544e+2, 0.00000e+0, 6.16978e+2, 0.00000e+0, 5.12690e+4, 0.00000e+0, 3.25218e+2, 0.00000e+0, 6.50320e+2, 0.00000e+0, 5.00309e+2, 0.00000e+0, 3.93071e+1, 0.00000e+0, 4.27961e+1, 0.00000e+0, 3.82229e+0, 0.00000e+0, 3.03592e+0, 0.00000e+0, 0.00000e+0, -2.92977e-1, 0.00000e+0, -4.91020e+0, 0.00000e+0, 9.80200e-2, 0.00000e+0, 4.56081e+0, 0.00000e+0, 5.71909e+1, 0.00000e+0, 2.00000e+1, 2.00000e+1, 3, 4, 
2023/07/24 20:02:29.766, 3.08300e+2, 0.00000e+0, 6.17137e+2, 0.00000e+0, 5.13047e+4, 0.00000e+0, 3.24972e+2, 0.00000e+0, 6.50511e+2, 0.00000e+0, 5.00316e+2, 0.00000e+0, 3.93253e+1, 0.00000e+0, 4.28074e+1, 0.00000e+0, 3.82156e+0, 0.00000e+0, 3.03594e+0, 0.00000e+0, 0.00000e+0, -2.92977e-1, 0.00000e+0, -4.91020e+0, 0.00000e+0, 9.90393e-2, 0.00000e+0, 4.55999e+0, 0.00000e+0, 5.71422e+1, 0.00000e+0, 2.00000e+1, 2.00000e+1, 3, 5, 
2023/07/24 20:02:39.964, 3.08151e+2, 0.00000e+0, 6.17747e+2, 0.00000e+0, 5.11133e+4, 0.00000e+0, 3.24750e+2, 0.00000e+0, 6.51023e+2, 0.00000e+0, 5.00275e+2, 0.00000e+0, 3.93442e+1, 0.00000e+0, 4.27892e+1, 0.00000e+0, 3.82190e+0, 0.00000e+0, 3.03576e+0, 0.00000e+0, 0.00000e+0, -2.92977e-1, 0.00000e+0, -4.91020e+0, 0.00000e+0, 9.80200e-2, 0.00000e+0, 4.55861e+0, 0.00000e+0, 5.70603e+1, 0.00000e+0, 2.00000e+1, 2.00000e+1, 3, 6, 
2023/07/24 20:02:50.074, 3.07777e+2, 0.00000e+0, 6.16593e+2, 0.00000e+0, 5.17221e+4, 0.00000e+0, 3.24564e+2, 0.00000e+0, 6.50224e+2, 0.00000e+0, 5.00261e+2, 0.00000e+0, 3.93614e+1, 0.00000e+0, 4.27966e+1, 0.00000e+0, 3.81988e+0, 0.00000e+0, 3.03534e+0, 0.00000e+0, 0.00000e+0, -2.92977e-1, 0.00000e+0, -4.91020e+0, 0.00000e+0, 9.88924e-2, 0.00000e+0, 4.55745e+0, 0.00000e+0, 5.69913e+1, 0.00000e+0, 2.00000e+1, 2.00000e+1, 3, 7, 
2023/07/24 20:03:00.266, 3.07494e+2, 0.00000e+0, 6.15977e+2, 0.00000e+0, 5.21022e+4, 0.00000e+0, 3.24395e+2, 0.00000e+0, 6.49835e+2, 0.00000e+0, 5.00264e+2, 0.00000e+0, 3.93753e+1, 0.00000e+0, 4.27702e+1, 0.00000e+0, 3.81849e+0, 0.00000e+0, 3.03523e+0, 0.00000e+0, 0.00000e+0, -2.92977e-1, 0.00000e+0, -4.91020e+0, 0.00000e+0, 9.81643e-2, 0.00000e+0, 4.55609e+0, 0.00000e+0, 5.69100e+1, 0.00000e+0, 2.00000e+1, 2.00000e+1, 3, 8, 
2023/07/24 20:03:10.374, 3.07300e+2, 0.00000e+0, 6.17279e+2, 0.00000e+0, 5.16841e+4, 0.00000e+0, 3.24048e+2, 0.00000e+0, 6.50921e+2, 0.00000e+0, 5.00284e+2, 0.00000e+0, 3.93908e+1, 0.00000e+0, 4.27447e+1, 0.00000e+0, 3.81980e+0, 0.00000e+0, 3.03516e+0, 0.00000e+0, 0.00000e+0, -2.92977e-1, 0.00000e+0, -4.91020e+0, 0.00000e+0, 9.88826e-2, 0.00000e+0, 4.55505e+0, 0.00000e+0, 5.68480e+1, 0.00000e+0, 2.00000e+1, 2.00000e+1, 3, 1, 
2023/07/24 20:03:20.563, 3.07037e+2, 0.00000e+0, 6.17307e+2, 0.00000e+0, 5.16952e+4, 0.00000e+0, 3.23774e+2, 0.00000e+0, 6.50959e+2, 0.00000e+0, 5.00294e+2, 0.00000e+0, 3.94117e+1, 0.00000e+0, 4.27338e+1, 0.00000e+0, 3.81942e+0, 0.00000e+0, 3.03506e+0, 0.00000e+0, 0.00000e+0, -2.92977e-1, 0.00000e+0, -4.91020e+0, 0.00000e+0, 9.81836e-2, 0.00000e+0, 4.55338e+0, 0.00000e+0, 5.67487e+1, 0.00000e+0, 2.00000e+1, 2.00000e+1, 3, 2, 
2023/07/24 20:03:30.678, 3.06786e+2, 0.00000e+0, 6.17384e+2, 0.00000e+0, 5.16191e+4, 0.00000e+0, 3.23484e+2, 0.00000e+0, 6.50988e+2, 0.00000e+0, 5.00313e+2, 0.00000e+0, 3.94240e+1, 0.00000e+0, 4.27299e+1, 0.00000e+0, 3.81937e+0, 0.00000e+0, 3.03516e+0, 0.00000e+0, 0.00000e+0, -2.92977e-1, 0.00000e+0, -4.91020e+0, 0.00000e+0, 9.88533e-2, 0.00000e+0, 4.55242e+0, 0.00000e+0, 5.66915e+1, 0.00000e+0, 2.00000e+1, 2.00000e+1, 3, 3, 
2023/07/24 20:03:40.866, 3.06497e+2, 0.00000e+0, 6.17598e+2, 0.00000e+0, 5.15608e+4, 0.00000e+0, 3.23160e+2, 0.00000e+0, 6.51173e+2, 0.00000e+0, 5.00323e+2, 0.00000e+0, 3.94418e+1, 0.00000e+0, 4.27436e+1, 0.00000e+0, 3.81838e+0, 0.00000e+0, 3.03511e+0, 0.00000e+0, 0.00000e+0, -2.92977e-1, 0.00000e+0, -4.91021e+0, 0.00000e+0, 9.81354e-2, 0.00000e+0, 4.55109e+0, 0.00000e+0, 5.66123e+1, 0.00000e+0, 2.00000e+1, 2.00000e+1, 3, 4, 
2023/07/24 20:03:50.981, 3.06173e+2, 0.00000e+0, 6.17593e+2, 0.00000e+0, 5.16042e+4, 0.00000e+0, 3.22833e+2, 0.00000e+0, 6.51198e+2, 0.00000e+0, 5.00293e+2, 0.00000e+0, 3.94615e+1, 0.00000e+0, 4.27651e+1, 0.00000e+0, 3.81818e+0, 0.00000e+0, 3.03495e+0, 0.00000e+0, 0.00000e+0, -2.92977e-1, 0.00000e+0, -4.91022e+0, 0.00000e+0, 9.89218e-2, 0.00000e+0, 4.54945e+0, 0.00000e+0, 5.65150e+1, 0.00000e+0, 2.00000e+1, 2.00000e+1, 3, 5, 
2023/07/24 20:04:01.167, 3.05907e+2, 0.00000e+0, 6.17418e+2, 0.00000e+0, 5.16804e+4, 0.00000e+0, 3.22578e+2, 0.00000e+0, 6.51065e+2, 0.00000e+0, 5.00272e+2, 0.00000e+0, 3.94802e+1, 0.00000e+0, 4.28047e+1, 0.00000e+0, 3.81687e+0, 0.00000e+0, 3.03518e+0, 0.00000e+0, 0.00000e+0, -2.92977e-1, 0.00000e+0, -4.91022e+0, 0.00000e+0, 9.81547e-2, 0.00000e+0, 4.54755e+0, 0.00000e+0, 5.64018e+1, 0.00000e+0, 2.00000e+1, 2.00000e+1, 3, 6, 
2023/07/24 20:04:11.286, 3.05703e+2, 0.00000e+0, 6.17427e+2, 0.00000e+0, 5.17146e+4, 0.00000e+0, 3.22374e+2, 0.00000e+0, 6.51099e+2, 0.00000e+0, 5.00240e+2, 0.00000e+0, 3.94964e+1, 0.00000e+0, 4.28264e+1, 0.00000e+0, 3.81651e+0, 0.00000e+0, 3.03524e+0, 0.00000e+0, 0.00000e+0, -2.92977e-1, 0.00000e+0, -4.91022e+0, 0.00000e+0, 9.88435e-2, 0.00000e+0, 4.54635e+0, 0.00000e+0, 5.63305e+1, 0.00000e+0, 2.00000e+1, 2.00000e+1, 3, 7, 
2023/07/24 20:04:21.468, 3.05426e+2, 0.00000e+0, 6.17942e+2, 0.00000e+0, 5.15723e+4, 0.00000e+0, 3.22034e+2, 0.00000e+0, 6.51544e+2, 0.00000e+0, 5.00265e+2, 0.00000e+0, 3.95125e+1, 0.00000e+0, 4.28580e+1, 0.00000e+0, 3.81619e+0, 0.00000e+0, 3.03490e+0, 0.00000e+0, 0.00000e+0, -2.92977e-1, 0.00000e+0, -4.91022e+0, 0.00000e+0, 9.82222e-2, 0.00000e+0, 4.54503e+0, 0.00000e+0, 5.62516e+1, 0.00000e+0, 2.00000e+1, 2.00000e+1, 3, 8, 
2023/07/24 20:04:31.598, 3.05172e+2, 0.00000e+0, 6.17816e+2, 0.00000e+0, 5.15335e+4, 0.00000e+0, 3.21753e+2, 0.00000e+0, 6.51384e+2, 0.00000e+0, 5.00290e+2, 0.00000e+0, 3.95272e+1, 0.00000e+0, 4.28775e+1, 0.00000e+0, 3.81552e+0, 0.00000e+0, 3.03524e+0, 0.00000e+0, 0.00000e+0, -2.92977e-1, 0.00000e+0, -4.91022e+0, 0.00000e+0, 9.86875e-2, 0.00000e+0, 4.54402e+0, 0.00000e+0, 5.61918e+1, 0.00000e+0, 2.00000e+1, 2.00000e+1, 3, 1, 
2023/07/24 20:04:41.767, 3.04923e+2, 0.00000e+0, 6.17893e+2, 0.00000e+0, 5.16187e+4, 0.00000e+0, 3.21520e+2, 0.00000e+0, 6.51524e+2, 0.00000e+0, 5.00313e+2, 0.00000e+0, 3.95433e+1, 0.00000e+0, 4.28994e+1, 0.00000e+0, 3.81485e+0, 0.00000e+0, 3.03522e+0, 0.00000e+0, 0.00000e+0, -2.92977e-1, 0.00000e+0, -4.91022e+0, 0.00000e+0, 9.84155e-2, 0.00000e+0, 4.54258e+0, 0.00000e+0, 5.61059e+1, 0.00000e+0, 2.00000e+1, 2.00000e+1, 3, 2, 
2023/07/24 20:04:51.960, 3.04615e+2, 0.00000e+0, 6.17815e+2, 0.00000e+0, 5.16421e+4, 0.00000e+0, 3.21202e+2, 0.00000e+0, 6.51458e+2, 0.00000e+0, 5.00323e+2, 0.00000e+0, 3.95581e+1, 0.00000e+0, 4.28783e+1, 0.00000e+0, 3.81490e+0, 0.00000e+0, 3.03505e+0, 0.00000e+0, 0.00000e+0, -2.92977e-1, 0.00000e+0, -4.91022e+0, 0.00000e+0, 9.80777e-2, 0.00000e+0, 4.54085e+0, 0.00000e+0, 5.60027e+1, 0.00000e+0, 2.00000e+1, 2.00000e+1, 3, 3, 
2023/07/24 20:05:02.070, 3.04392e+2, 0.00000e+0, 6.17552e+2, 0.00000e+0, 5.17568e+4, 0.00000e+0, 3.21006e+2, 0.00000e+0, 6.51259e+2, 0.00000e+0, 5.00277e+2, 0.00000e+0, 3.95737e+1, 0.00000e+0, 4.28909e+1, 0.00000e+0, 3.81408e+0, 0.00000e+0, 3.03529e+0, 0.00000e+0, 0.00000e+0, -2.92977e-1, 0.00000e+0, -4.91022e+0, 0.00000e+0, 9.88924e-2, 0.00000e+0, 4.53943e+0, 0.00000e+0, 5.59186e+1, 0.00000e+0, 2.00000e+1, 2.00000e+1, 3, 4, 
2023/07/24 20:05:12.267, 3.04044e+2, 0.00000e+0, 6.17525e+2, 0.00000e+0, 5.18112e+4, 0.00000e+0, 3.20657e+2, 0.00000e+0, 6.51268e+2, 0.00000e+0, 5.00250e+2, 0.00000e+0, 3.95909e+1, 0.00000e+0, 4.29132e+1, 0.00000e+0, 3.81378e+0, 0.00000e+0, 3.03510e+0, 0.00000e+0, 0.00000e+0, -2.92977e-1, 0.00000e+0, -4.91022e+0, 0.00000e+0, 9.80681e-2, 0.00000e+0, 4.53787e+0, 0.00000e+0, 5.58253e+1, 0.00000e+0, 2.00000e+1, 2.00000e+1, 3, 5, 
2023/07/24 20:05:22.367, 3.03823e+2, 0.00000e+0, 6.17310e+2, 0.00000e+0, 5.19451e+4, 0.00000e+0, 3.20470e+2, 0.00000e+0, 6.51133e+2, 0.00000e+0, 5.00211e+2, 0.00000e+0, 3.96044e+1, 0.00000e+0, 4.29187e+1, 0.00000e+0, 3.81320e+0, 0.00000e+0, 3.03510e+0, 0.00000e+0, 0.00000e+0, -2.92977e-1, 0.00000e+0, -4.91022e+0, 0.00000e+0, 9.90688e-2, 0.00000e+0, 4.53668e+0, 0.00000e+0, 5.57546e+1, 0.00000e+0, 2.00000e+1, 2.00000e+1, 3, 6, 
2023/07/24 20:05:32.563, 3.03491e+2, 0.00000e+0, 6.17260e+2, 0.00000e+0, 5.20800e+4, 0.00000e+0, 3.20166e+2, 0.00000e+0, 6.51173e+2, 0.00000e+0, 5.00224e+2, 0.00000e+0, 3.96207e+1, 0.00000e+0, 4.29481e+1, 0.00000e+0, 3.81249e+0, 0.00000e+0, 3.03504e+0, 0.00000e+0, 0.00000e+0, -2.92968e-1, 0.00000e+0, -4.91022e+0, 0.00000e+0, 9.79912e-2, 0.00000e+0, 4.53588e+0, 0.00000e+0, 5.57073e+1, 0.00000e+0, 2.00000e+1, 2.00000e+1, 3, 7, 
2023/07/24 20:05:42.669, 3.03209e+2, 0.00000e+0, 6.17165e+2, 0.00000e+0, 5.21084e+4, 0.00000e+0, 3.19877e+2, 0.00000e+0, 6.51092e+2, 0.00000e+0, 5.00280e+2, 0.00000e+0, 3.96340e+1, 0.00000e+0, 4.29555e+1, 0.00000e+0, 3.81214e+0, 0.00000e+0, 3.03511e+0, 0.00000e+0, 0.00000e+0, -2.92959e-1, 0.00000e+0, -4.91022e+0, 0.00000e+0, 9.90491e-2, 0.00000e+0, 4.53579e+0, 0.00000e+0, 5.57018e+1, 0.00000e+0, 2.00000e+1, 2.00000e+1, 3, 8, 
2023/07/24 20:05:52.871, 3.02900e+2, 0.00000e+0, 6.17415e+2, 0.00000e+0, 5.19887e+4, 0.00000e+0, 3.19511e+2, 0.00000e+0, 6.51274e+2, 0.00000e+0, 5.00308e+2, 0.00000e+0, 3.96540e+1, 0.00000e+0, 4.29844e+1, 0.00000e+0, 3.81243e+0, 0.00000e+0, 3.03535e+0, 0.00000e+0, 0.00000e+0, -2.92959e-1, 0.00000e+0, -4.91022e+0, 0.00000e+0, 9.79720e-2, 0.00000e+0, 4.53472e+0, 0.00000e+0, 5.56381e+1, 0.00000e+0, 2.00000e+1, 2.00000e+1, 3, 1, 
2023/07/24 20:06:02.973, 3.02696e+2, 0.00000e+0, 6.17711e+2, 0.00000e+0, 5.18603e+4, 0.00000e+0, 3.19252e+2, 0.00000e+0, 6.51498e+2, 0.00000e+0, 5.00313e+2, 0.00000e+0, 3.96707e+1, 0.00000e+0, 4.29894e+1, 0.00000e+0, 3.81230e+0, 0.00000e+0, 3.03520e+0, 0.00000e+0, 0.00000e+0, -2.92959e-1, 0.00000e+0, -4.91022e+0, 0.00000e+0, 9.90393e-2, 0.00000e+0, 4.53372e+0, 0.00000e+0, 5.55788e+1, 0.00000e+0, 2.00000e+1, 2.00000e+1, 3, 2, 
2023/07/24 20:06:13.165, 3.02590e+2, 0.00000e+0, 6.18427e+2, 0.00000e+0, 5.15479e+4, 0.00000e+0, 3.19036e+2, 0.00000e+0, 6.52038e+2, 0.00000e+0, 5.00282e+2, 0.00000e+0, 3.96906e+1, 0.00000e+0, 4.30112e+1, 0.00000e+0, 3.81233e+0, 0.00000e+0, 3.03533e+0, 0.00000e+0, 0.00000e+0, -2.92959e-1, 0.00000e+0, -4.91022e+0, 0.00000e+0, 9.80969e-2, 0.00000e+0, 4.53217e+0, 0.00000e+0, 5.54864e+1, 0.00000e+0, 2.00000e+1, 2.00000e+1, 3, 3, 
2023/07/24 20:06:23.277, 3.02397e+2, 0.00000e+0, 6.18739e+2, 0.00000e+0, 5.14994e+4, 0.00000e+0, 3.18816e+2, 0.00000e+0, 6.52334e+2, 0.00000e+0, 5.00274e+2, 0.00000e+0, 3.97027e+1, 0.00000e+0, 4.30062e+1, 0.00000e+0, 3.81196e+0, 0.00000e+0, 3.03482e+0, 0.00000e+0, 0.00000e+0, -2.92959e-1, 0.00000e+0, -4.91022e+0, 0.00000e+0, 9.89022e-2, 0.00000e+0, 4.53091e+0, 0.00000e+0, 5.54112e+1, 0.00000e+0, 2.00000e+1, 2.00000e+1, 3, 4, 
2023/07/24 20:06:33.467, 3.02222e+2, 0.00000e+0, 6.18617e+2, 0.00000e+0, 5.15896e+4, 0.00000e+0, 3.18661e+2, 0.00000e+0, 6.52267e+2, 0.00000e+0, 5.00236e+2, 0.00000e+0, 3.97184e+1, 0.00000e+0, 4.30040e+1, 0.00000e+0, 3.81097e+0, 0.00000e+0, 3.03510e+0, 0.00000e+0, 0.00000e+0, -2.92959e-1, 0.00000e+0, -4.91022e+0, 0.00000e+0, 9.81065e-2, 0.00000e+0, 4.52985e+0, 0.00000e+0, 5.53479e+1, 0.00000e+0, 2.00000e+1, 2.00000e+1, 3, 5, 
2023/07/24 20:06:43.581, 3.01950e+2, 0.00000e+0, 6.18331e+2, 0.00000e+0, 5.17379e+4, 0.00000e+0, 3.18425e+2, 0.00000e+0, 6.52068e+2, 0.00000e+0, 5.00207e+2, 0.00000e+0, 3.97348e+1, 0.00000e+0, 4.30032e+1, 0.00000e+0, 3.81057e+0, 0.00000e+0, 3.03492e+0, 0.00000e+0, 0.00000e+0, -2.92959e-1, 0.00000e+0, -4.91022e+0, 0.00000e+0, 9.88826e-2, 0.00000e+0, 4.52820e+0, 0.00000e+0, 5.52501e+1, 0.00000e+0, 2.00000e+1, 2.00000e+1, 3, 6, 
2023/07/24 20:06:53.766, 3.01617e+2, 0.00000e+0, 6.18230e+2, 0.00000e+0, 5.18428e+4, 0.00000e+0, 3.18108e+2, 0.00000e+0, 6.52034e+2, 0.00000e+0, 5.00253e+2, 0.00000e+0, 3.97510e+1, 0.00000e+0, 4.30211e+1, 0.00000e+0, 3.81001e+0, 0.00000e+0, 3.03503e+0, 0.00000e+0, 0.00000e+0, -2.92959e-1, 0.00000e+0, -4.91022e+0, 0.00000e+0, 9.81932e-2, 0.00000e+0, 4.52722e+0, 0.00000e+0, 5.51917e+1, 0.00000e+0, 2.00000e+1, 2.00000e+1, 3, 7, 
2023/07/24 20:07:03.886, 3.01361e+2, 0.00000e+0, 6.18135e+2, 0.00000e+0, 5.19121e+4, 0.00000e+0, 3.17862e+2, 0.00000e+0, 6.51981e+2, 0.00000e+0, 5.00291e+2, 0.00000e+0, 3.97666e+1, 0.00000e+0, 4.30129e+1, 0.00000e+0, 3.80973e+0, 0.00000e+0, 3.03515e+0, 0.00000e+0, 0.00000e+0, -2.92959e-1, 0.00000e+0, -4.91022e+0, 0.00000e+0, 9.88240e-2, 0.00000e+0, 4.52622e+0, 0.00000e+0, 5.51324e+1, 0.00000e+0, 2.00000e+1, 2.00000e+1, 3, 8, 
2023/07/24 20:07:14.064, 3.01169e+2, 0.00000e+0, 6.18528e+2, 0.00000e+0, 5.18368e+4, 0.00000e+0, 3.17634e+2, 0.00000e+0, 6.52343e+2, 0.00000e+0, 5.00283e+2, 0.00000e+0, 3.97824e+1, 0.00000e+0, 4.29922e+1, 0.00000e+0, 3.80896e+0, 0.00000e+0, 3.03483e+0, 0.00000e+0, 0.00000e+0, -2.92959e-1, 0.00000e+0, -4.91022e+0, 0.00000e+0, 9.83091e-2, 0.00000e+0, 4.52457e+0, 0.00000e+0, 5.50342e+1, 0.00000e+0, 2.00000e+1, 2.00000e+1, 3, 1, 
2023/07/24 20:07:24.197, 3.00921e+2, 0.00000e+0, 6.18679e+2, 0.00000e+0, 5.17227e+4, 0.00000e+0, 3.17334e+2, 0.00000e+0, 6.52424e+2, 0.00000e+0, 5.00284e+2, 0.00000e+0, 3.97972e+1, 0.00000e+0, 4.29720e+1, 0.00000e+0, 3.80934e+0, 0.00000e+0, 3.03504e+0, 0.00000e+0, 0.00000e+0, -2.92959e-1, 0.00000e+0, -4.91023e+0, 0.00000e+0, 9.86291e-2, 0.00000e+0, 4.52354e+0, 0.00000e+0, 5.49724e+1, 0.00000e+0, 2.00000e+1, 2.00000e+1, 3, 2, 
2023/07/24 20:07:34.365, 3.00685e+2, 0.00000e+0, 6.18914e+2, 0.00000e+0, 5.16205e+4, 0.00000e+0, 3.17052e+2, 0.00000e+0, 6.52602e+2, 0.00000e+0, 5.00275e+2, 0.00000e+0, 3.98125e+1, 0.00000e+0, 4.29736e+1, 0.00000e+0, 3.80869e+0, 0.00000e+0, 3.03485e+0, 0.00000e+0, 0.00000e+0, -2.92959e-1, 0.00000e+0, -4.91025e+0, 0.00000e+0, 9.84058e-2, 0.00000e+0, 4.52216e+0, 0.00000e+0, 5.48907e+1, 0.00000e+0, 2.00000e+1, 2.00000e+1, 3, 3, 
2023/07/24 20:07:44.559, 3.00581e+2, 0.00000e+0, 6.19349e+2, 0.00000e+0, 5.14872e+4, 0.00000e+0, 3.16897e+2, 0.00000e+0, 6.52969e+2, 0.00000e+0, 5.00246e+2, 0.00000e+0, 3.98267e+1, 0.00000e+0, 4.29619e+1, 0.00000e+0, 3.80825e+0, 0.00000e+0, 3.03462e+0, 0.00000e+0, 0.00000e+0, -2.92959e-1, 0.00000e+0, -4.91026e+0, 0.00000e+0, 9.79528e-2, 0.00000e+0, 4.52099e+0, 0.00000e+0, 5.48209e+1, 0.00000e+0, 2.00000e+1, 2.00000e+1, 3, 4, 
2023/07/24 20:07:54.668, 3.00359e+2, 0.00000e+0, 6.19520e+2, 0.00000e+0, 5.13943e+4, 0.00000e+0, 3.16632e+2, 0.00000e+0, 6.53085e+2, 0.00000e+0, 5.00230e+2, 0.00000e+0, 3.98414e+1, 0.00000e+0, 4.29378e+1, 0.00000e+0, 3.80814e+0, 0.00000e+0, 3.03462e+0, 0.00000e+0, 0.00000e+0, -2.92959e-1, 0.00000e+0, -4.91027e+0, 0.00000e+0, 9.90197e-2, 0.00000e+0, 4.51972e+0, 0.00000e+0, 5.47451e+1, 0.00000e+0, 2.00000e+1, 2.00000e+1, 3, 5, 
2023/07/24 20:08:04.862, 3.00138e+2, 0.00000e+0, 6.19727e+2, 0.00000e+0, 5.13081e+4, 0.00000e+0, 3.16370e+2, 0.00000e+0, 6.53244e+2, 0.00000e+0, 5.00268e+2, 0.00000e+0, 3.98606e+1, 0.00000e+0, 4.29450e+1, 0.00000e+0, 3.80783e+0, 0.00000e+0, 3.03483e+0, 0.00000e+0, 0.00000e+0, -2.92959e-1, 0.00000e+0, -4.91029e+0, 0.00000e+0, 9.81354e-2, 0.00000e+0, 4.51893e+0, 0.00000e+0, 5.46985e+1, 0.00000e+0, 2.00000e+1, 2.00000e+1, 3, 6, 

