SN:3K430000012749 BD:Apr 19 2021 VC:7d9ffae MD5:34e03199e6006f2831fb02c414d62259
                     Time,      [CH4]_ppm,   [CH4]_ppm_sd,      [CO2]_ppm,   [CO2]_ppm_sd,      [H2O]_ppm,   [H2O]_ppm_sd,     [CH4]d_ppm,  [CH4]d_ppm_sd,     [CO2]d_ppm,  [CO2]d_ppm_sd,      GasP_torr,   GasP_torr_sd,         GasT_C,      GasT_C_sd,         AmbT_C,      AmbT_C_sd,         RD0_us,      RD0_us_sd,         RD1_us,      RD1_us_sd,     RD0_raw_us,         LTC0_v,      LTC0_v_sd,         LTC1_v,      LTC1_v_sd,             HZ,          HZ_sd,         Batt_v,      Batt_v_sd,        BattPer,     BattPer_sd, Temp_Status_mA,Analyzer_Status_mA,       Fit_Flag,      MIU_VALVE,       MIU_DESC
2023/07/24 15:50:24.554, 4.31444e+0, 0.00000e+0, 3.61360e+2, 0.00000e+0, 2.63623e+4, 0.00000e+0, 4.43126e+0, 0.00000e+0, 3.71144e+2, 0.00000e+0, 5.01665e+2, 0.00000e+0, 2.20973e+1, 0.00000e+0, 2.54327e+1, 0.00000e+0, 3.38895e+0, 0.00000e+0, 3.04498e+0, 0.00000e+0, 0.00000e+0, -3.09338e-1, 0.00000e+0, -4.91775e+0, 0.00000e+0, 9.82511e-2, 0.00000e+0, 5.24973e+0, 0.00000e+0, 9.81981e+1, 0.00000e+0, 2.00000e+1, 2.00000e+1, 2, 2, 
2023/07/24 15:50:34.688, 4.36657e+0, 0.00000e+0, 4.64360e+2, 0.00000e+0, 2.98170e+4, 0.00000e+0, 4.50077e+0, 0.00000e+0, 4.78631e+2, 0.00000e+0, 5.01629e+2, 0.00000e+0, 2.21421e+1, 0.00000e+0, 2.56348e+1, 0.00000e+0, 3.38894e+0, 0.00000e+0, 3.04512e+0, 0.00000e+0, 0.00000e+0, -3.09786e-1, 0.00000e+0, -4.91765e+0, 0.00000e+0, 9.86582e-2, 0.00000e+0, 5.24907e+0, 0.00000e+0, 9.81591e+1, 0.00000e+0, 2.00000e+1, 2.00000e+1, 2, 3, 
2023/07/24 15:50:44.855, 4.36686e+0, 0.00000e+0, 4.64809e+2, 0.00000e+0, 3.01251e+4, 0.00000e+0, 4.50250e+0, 0.00000e+0, 4.79247e+2, 0.00000e+0, 5.01564e+2, 0.00000e+0, 2.21851e+1, 0.00000e+0, 2.58308e+1, 0.00000e+0, 3.38880e+0, 0.00000e+0, 3.04494e+0, 0.00000e+0, 0.00000e+0, -3.10249e-1, 0.00000e+0, -4.91787e+0, 0.00000e+0, 9.83961e-2, 0.00000e+0, 5.24841e+0, 0.00000e+0, 9.81194e+1, 0.00000e+0, 2.00000e+1, 2.00000e+1, 3, 4, 
2023/07/24 15:50:55.055, 4.36428e+0, 0.00000e+0, 4.65086e+2, 0.00000e+0, 3.04435e+4, 0.00000e+0, 4.50132e+0, 0.00000e+0, 4.79690e+2, 0.00000e+0, 5.01542e+2, 0.00000e+0, 2.22322e+1, 0.00000e+0, 2.60351e+1, 0.00000e+0, 3.38873e+0, 0.00000e+0, 3.04463e+0, 0.00000e+0, 0.00000e+0, -3.10683e-1, 0.00000e+0, -4.91808e+0, 0.00000e+0, 9.80873e-2, 0.00000e+0, 5.24739e+0, 0.00000e+0, 9.80590e+1, 0.00000e+0, 2.00000e+1, 2.00000e+1, 3, 5, 
2023/07/24 15:51:05.155, 4.36058e+0, 0.00000e+0, 4.65503e+2, 0.00000e+0, 3.06450e+4, 0.00000e+0, 4.49843e+0, 0.00000e+0, 4.80220e+2, 0.00000e+0, 5.01536e+2, 0.00000e+0, 2.22812e+1, 0.00000e+0, 2.62355e+1, 0.00000e+0, 3.38842e+0, 0.00000e+0, 3.04449e+0, 0.00000e+0, 0.00000e+0, -3.11096e-1, 0.00000e+0, -4.91825e+0, 0.00000e+0, 9.89609e-2, 0.00000e+0, 5.24682e+0, 0.00000e+0, 9.80247e+1, 0.00000e+0, 2.00000e+1, 2.00000e+1, 3, 6, 
2023/07/24 15:51:15.355, 4.35659e+0, 0.00000e+0, 4.65748e+2, 0.00000e+0, 3.08859e+4, 0.00000e+0, 4.49544e+0, 0.00000e+0, 4.80591e+2, 0.00000e+0, 5.01551e+2, 0.00000e+0, 2.23276e+1, 0.00000e+0, 2.64259e+1, 0.00000e+0, 3.38819e+0, 0.00000e+0, 3.04406e+0, 0.00000e+0, 0.00000e+0, -3.11480e-1, 0.00000e+0, -4.91838e+0, 0.00000e+0, 9.80681e-2, 0.00000e+0, 5.24614e+0, 0.00000e+0, 9.79848e+1, 0.00000e+0, 2.00000e+1, 2.00000e+1, 3, 7, 
2023/07/24 15:51:25.456, 4.35283e+0, 0.00000e+0, 4.65791e+2, 0.00000e+0, 3.14704e+4, 0.00000e+0, 4.49427e+0, 0.00000e+0, 4.80926e+2, 0.00000e+0, 5.01580e+2, 0.00000e+0, 2.23740e+1, 0.00000e+0, 2.66095e+1, 0.00000e+0, 3.38736e+0, 0.00000e+0, 3.04349e+0, 0.00000e+0, 0.00000e+0, -3.11815e-1, 0.00000e+0, -4.91851e+0, 0.00000e+0, 9.90688e-2, 0.00000e+0, 5.24528e+0, 0.00000e+0, 9.79331e+1, 0.00000e+0, 2.00000e+1, 2.00000e+1, 3, 8, 
2023/07/24 15:51:35.654, 4.34933e+0, 0.00000e+0, 4.66119e+2, 0.00000e+0, 3.19372e+4, 0.00000e+0, 4.49282e+0, 0.00000e+0, 4.81496e+2, 0.00000e+0, 5.01577e+2, 0.00000e+0, 2.24283e+1, 0.00000e+0, 2.67961e+1, 0.00000e+0, 3.38665e+0, 0.00000e+0, 3.04309e+0, 0.00000e+0, 0.00000e+0, -3.12114e-1, 0.00000e+0, -4.91859e+0, 0.00000e+0, 9.80392e-2, 0.00000e+0, 5.24458e+0, 0.00000e+0, 9.78917e+1, 0.00000e+0, 2.00000e+1, 2.00000e+1, 3, 1, 
2023/07/24 15:51:45.760, 4.34551e+0, 0.00000e+0, 4.66175e+2, 0.00000e+0, 3.24675e+4, 0.00000e+0, 4.49133e+0, 0.00000e+0, 4.81819e+2, 0.00000e+0, 5.01546e+2, 0.00000e+0, 2.24804e+1, 0.00000e+0, 2.69790e+1, 0.00000e+0, 3.38632e+0, 0.00000e+0, 3.04260e+0, 0.00000e+0, 0.00000e+0, -3.12381e-1, 0.00000e+0, -4.91867e+0, 0.00000e+0, 9.89511e-2, 0.00000e+0, 5.24380e+0, 0.00000e+0, 9.78455e+1, 0.00000e+0, 2.00000e+1, 2.00000e+1, 3, 2, 
2023/07/24 15:51:55.958, 4.34110e+0, 0.00000e+0, 4.66024e+2, 0.00000e+0, 3.30252e+4, 0.00000e+0, 4.48937e+0, 0.00000e+0, 4.81940e+2, 0.00000e+0, 5.01516e+2, 0.00000e+0, 2.25309e+1, 0.00000e+0, 2.71321e+1, 0.00000e+0, 3.38616e+0, 0.00000e+0, 3.04265e+0, 0.00000e+0, 0.00000e+0, -3.12613e-1, 0.00000e+0, -4.91873e+0, 0.00000e+0, 9.80873e-2, 0.00000e+0, 5.24299e+0, 0.00000e+0, 9.77969e+1, 0.00000e+0, 2.00000e+1, 2.00000e+1, 3, 3, 
2023/07/24 15:52:06.064, 4.33883e+0, 0.00000e+0, 4.66336e+2, 0.00000e+0, 3.36719e+4, 0.00000e+0, 4.49002e+0, 0.00000e+0, 4.82586e+2, 0.00000e+0, 5.01465e+2, 0.00000e+0, 2.25830e+1, 0.00000e+0, 2.72826e+1, 0.00000e+0, 3.38512e+0, 0.00000e+0, 3.04204e+0, 0.00000e+0, 0.00000e+0, -3.12814e-1, 0.00000e+0, -4.91876e+0, 0.00000e+0, 9.89315e-2, 0.00000e+0, 5.24234e+0, 0.00000e+0, 9.77581e+1, 0.00000e+0, 2.00000e+1, 2.00000e+1, 3, 4, 
2023/07/24 15:52:16.255, 4.33946e+0, 0.00000e+0, 4.66822e+2, 0.00000e+0, 3.43434e+4, 0.00000e+0, 4.49379e+0, 0.00000e+0, 4.83424e+2, 0.00000e+0, 5.01422e+2, 0.00000e+0, 2.26435e+1, 0.00000e+0, 2.74452e+1, 0.00000e+0, 3.38396e+0, 0.00000e+0, 3.04083e+0, 0.00000e+0, 0.00000e+0, -3.12981e-1, 0.00000e+0, -4.91878e+0, 0.00000e+0, 9.81258e-2, 0.00000e+0, 5.24145e+0, 0.00000e+0, 9.77053e+1, 0.00000e+0, 2.00000e+1, 2.00000e+1, 3, 5, 
2023/07/24 15:52:26.368, 4.33783e+0, 0.00000e+0, 4.67025e+2, 0.00000e+0, 3.47816e+4, 0.00000e+0, 4.49414e+0, 0.00000e+0, 4.83854e+2, 0.00000e+0, 5.01430e+2, 0.00000e+0, 2.27021e+1, 0.00000e+0, 2.76016e+1, 0.00000e+0, 3.38345e+0, 0.00000e+0, 3.04041e+0, 0.00000e+0, 0.00000e+0, -3.13133e-1, 0.00000e+0, -4.91878e+0, 0.00000e+0, 9.89022e-2, 0.00000e+0, 5.24076e+0, 0.00000e+0, 9.76645e+1, 0.00000e+0, 2.00000e+1, 2.00000e+1, 3, 6, 
2023/07/24 15:52:36.554, 4.33453e+0, 0.00000e+0, 4.67319e+2, 0.00000e+0, 3.49092e+4, 0.00000e+0, 4.49132e+0, 0.00000e+0, 4.84223e+2, 0.00000e+0, 5.01471e+2, 0.00000e+0, 2.27612e+1, 0.00000e+0, 2.77553e+1, 0.00000e+0, 3.38396e+0, 0.00000e+0, 3.04061e+0, 0.00000e+0, 0.00000e+0, -3.13257e-1, 0.00000e+0, -4.91878e+0, 0.00000e+0, 9.81932e-2, 0.00000e+0, 5.23999e+0, 0.00000e+0, 9.76185e+1, 0.00000e+0, 2.00000e+1, 2.00000e+1, 3, 7, 
2023/07/24 15:52:46.672, 4.33055e+0, 0.00000e+0, 4.67513e+2, 0.00000e+0, 3.49934e+4, 0.00000e+0, 4.48758e+0, 0.00000e+0, 4.84466e+2, 0.00000e+0, 5.01480e+2, 0.00000e+0, 2.28219e+1, 0.00000e+0, 2.79075e+1, 0.00000e+0, 3.38343e+0, 0.00000e+0, 3.04032e+0, 0.00000e+0, 0.00000e+0, -3.13369e-1, 0.00000e+0, -4.91876e+0, 0.00000e+0, 9.87557e-2, 0.00000e+0, 5.23918e+0, 0.00000e+0, 9.75704e+1, 0.00000e+0, 2.00000e+1, 2.00000e+1, 3, 8, 
2023/07/24 15:52:56.853, 4.32777e+0, 0.00000e+0, 4.67647e+2, 0.00000e+0, 3.52094e+4, 0.00000e+0, 4.48571e+0, 0.00000e+0, 4.84714e+2, 0.00000e+0, 5.01460e+2, 0.00000e+0, 2.28793e+1, 0.00000e+0, 2.80625e+1, 0.00000e+0, 3.38230e+0, 0.00000e+0, 3.03966e+0, 0.00000e+0, 0.00000e+0, -3.13447e-1, 0.00000e+0, -4.91873e+0, 0.00000e+0, 9.83187e-2, 0.00000e+0, 5.23728e+0, 0.00000e+0, 9.74569e+1, 0.00000e+0, 2.00000e+1, 2.00000e+1, 3, 1, 
2023/07/24 15:53:06.976, 4.32359e+0, 0.00000e+0, 4.67858e+2, 0.00000e+0, 3.54179e+4, 0.00000e+0, 4.48234e+0, 0.00000e+0, 4.85037e+2, 0.00000e+0, 5.01458e+2, 0.00000e+0, 2.29417e+1, 0.00000e+0, 2.82029e+1, 0.00000e+0, 3.38138e+0, 0.00000e+0, 3.03873e+0, 0.00000e+0, 0.00000e+0, -3.13504e-1, 0.00000e+0, -4.91868e+0, 0.00000e+0, 9.87069e-2, 0.00000e+0, 5.23690e+0, 0.00000e+0, 9.74348e+1, 0.00000e+0, 2.00000e+1, 2.00000e+1, 3, 2, 
2023/07/24 15:53:17.160, 4.31827e+0, 0.00000e+0, 4.68173e+2, 0.00000e+0, 3.56481e+4, 0.00000e+0, 4.47790e+0, 0.00000e+0, 4.85480e+2, 0.00000e+0, 5.01408e+2, 0.00000e+0, 2.30091e+1, 0.00000e+0, 2.83540e+1, 0.00000e+0, 3.38131e+0, 0.00000e+0, 3.03873e+0, 0.00000e+0, 0.00000e+0, -3.13532e-1, 0.00000e+0, -4.91863e+0, 0.00000e+0, 9.82704e-2, 0.00000e+0, 5.23695e+0, 0.00000e+0, 9.74375e+1, 0.00000e+0, 2.00000e+1, 2.00000e+1, 3, 3, 
2023/07/24 15:53:27.356, 4.31437e+0, 0.00000e+0, 4.68346e+2, 0.00000e+0, 3.59776e+4, 0.00000e+0, 4.47538e+0, 0.00000e+0, 4.85824e+2, 0.00000e+0, 5.01385e+2, 0.00000e+0, 2.30708e+1, 0.00000e+0, 2.84943e+1, 0.00000e+0, 3.38105e+0, 0.00000e+0, 3.03830e+0, 0.00000e+0, 0.00000e+0, -3.13552e-1, 0.00000e+0, -4.91857e+0, 0.00000e+0, 9.80104e-2, 0.00000e+0, 5.23625e+0, 0.00000e+0, 9.73959e+1, 0.00000e+0, 2.00000e+1, 2.00000e+1, 3, 4, 
2023/07/24 15:53:37.450, 4.31246e+0, 0.00000e+0, 4.68578e+2, 0.00000e+0, 3.65919e+4, 0.00000e+0, 4.47625e+0, 0.00000e+0, 4.86376e+2, 0.00000e+0, 5.01347e+2, 0.00000e+0, 2.31331e+1, 0.00000e+0, 2.86344e+1, 0.00000e+0, 3.37961e+0, 0.00000e+0, 3.03739e+0, 0.00000e+0, 0.00000e+0, -3.13552e-1, 0.00000e+0, -4.91853e+0, 0.00000e+0, 9.91670e-2, 0.00000e+0, 5.23544e+0, 0.00000e+0, 9.73475e+1, 0.00000e+0, 2.00000e+1, 2.00000e+1, 3, 5, 
2023/07/24 15:53:47.648, 4.31100e+0, 0.00000e+0, 4.68676e+2, 0.00000e+0, 3.70523e+4, 0.00000e+0, 4.47688e+0, 0.00000e+0, 4.86710e+2, 0.00000e+0, 5.01372e+2, 0.00000e+0, 2.32017e+1, 0.00000e+0, 2.87768e+1, 0.00000e+0, 3.37958e+0, 0.00000e+0, 3.03687e+0, 0.00000e+0, 0.00000e+0, -3.13552e-1, 0.00000e+0, -4.91847e+0, 0.00000e+0, 9.80200e-2, 0.00000e+0, 5.23502e+0, 0.00000e+0, 9.73229e+1, 0.00000e+0, 2.00000e+1, 2.00000e+1, 3, 6, 
2023/07/24 15:53:57.754, 4.30661e+0, 0.00000e+0, 4.68619e+2, 0.00000e+0, 3.74116e+4, 0.00000e+0, 4.47399e+0, 0.00000e+0, 4.86832e+2, 0.00000e+0, 5.01384e+2, 0.00000e+0, 2.32616e+1, 0.00000e+0, 2.89177e+1, 0.00000e+0, 3.37892e+0, 0.00000e+0, 3.03662e+0, 0.00000e+0, 0.00000e+0, -3.13541e-1, 0.00000e+0, -4.91841e+0, 0.00000e+0, 9.89707e-2, 0.00000e+0, 5.23435e+0, 0.00000e+0, 9.72825e+1, 0.00000e+0, 2.00000e+1, 2.00000e+1, 3, 7, 
2023/07/24 15:54:07.955, 4.30503e+0, 0.00000e+0, 4.68855e+2, 0.00000e+0, 3.76835e+4, 0.00000e+0, 4.47361e+0, 0.00000e+0, 4.87215e+2, 0.00000e+0, 5.01391e+2, 0.00000e+0, 2.33283e+1, 0.00000e+0, 2.90518e+1, 0.00000e+0, 3.37903e+0, 0.00000e+0, 3.03625e+0, 0.00000e+0, 0.00000e+0, -3.13520e-1, 0.00000e+0, -4.91834e+0, 0.00000e+0, 9.79816e-2, 0.00000e+0, 5.23363e+0, 0.00000e+0, 9.72398e+1, 0.00000e+0, 2.00000e+1, 2.00000e+1, 3, 8, 
2023/07/24 15:54:18.059, 4.30285e+0, 0.00000e+0, 4.69196e+2, 0.00000e+0, 3.78839e+4, 0.00000e+0, 4.47227e+0, 0.00000e+0, 4.87671e+2, 0.00000e+0, 5.01365e+2, 0.00000e+0, 2.33956e+1, 0.00000e+0, 2.91747e+1, 0.00000e+0, 3.37843e+0, 0.00000e+0, 3.03613e+0, 0.00000e+0, 0.00000e+0, -3.13487e-1, 0.00000e+0, -4.91826e+0, 0.00000e+0, 9.89707e-2, 0.00000e+0, 5.23297e+0, 0.00000e+0, 9.72008e+1, 0.00000e+0, 2.00000e+1, 2.00000e+1, 3, 1, 
2023/07/24 15:54:28.257, 4.29927e+0, 0.00000e+0, 4.69531e+2, 0.00000e+0, 3.78948e+4, 0.00000e+0, 4.46861e+0, 0.00000e+0, 4.88025e+2, 0.00000e+0, 5.01340e+2, 0.00000e+0, 2.34573e+1, 0.00000e+0, 2.93023e+1, 0.00000e+0, 3.37849e+0, 0.00000e+0, 3.03639e+0, 0.00000e+0, 0.00000e+0, -3.13443e-1, 0.00000e+0, -4.91819e+0, 0.00000e+0, 9.80200e-2, 0.00000e+0, 5.23130e+0, 0.00000e+0, 9.71012e+1, 0.00000e+0, 2.00000e+1, 2.00000e+1, 3, 2, 
2023/07/24 15:54:38.359, 4.29423e+0, 0.00000e+0, 4.69806e+2, 0.00000e+0, 3.78429e+4, 0.00000e+0, 4.46313e+0, 0.00000e+0, 4.88284e+2, 0.00000e+0, 5.01311e+2, 0.00000e+0, 2.35323e+1, 0.00000e+0, 2.94270e+1, 0.00000e+0, 3.37883e+0, 0.00000e+0, 3.03636e+0, 0.00000e+0, 0.00000e+0, -3.13381e-1, 0.00000e+0, -4.91812e+0, 0.00000e+0, 9.90393e-2, 0.00000e+0, 5.23130e+0, 0.00000e+0, 9.71012e+1, 0.00000e+0, 2.00000e+1, 2.00000e+1, 3, 3, 
2023/07/24 15:54:48.554, 4.29004e+0, 0.00000e+0, 4.69693e+2, 0.00000e+0, 3.81472e+4, 0.00000e+0, 4.46018e+0, 0.00000e+0, 4.88322e+2, 0.00000e+0, 5.01271e+2, 0.00000e+0, 2.35989e+1, 0.00000e+0, 2.95646e+1, 0.00000e+0, 3.37798e+0, 0.00000e+0, 3.03565e+0, 0.00000e+0, 0.00000e+0, -3.13328e-1, 0.00000e+0, -4.91804e+0, 0.00000e+0, 9.81258e-2, 0.00000e+0, 5.23056e+0, 0.00000e+0, 9.70573e+1, 0.00000e+0, 2.00000e+1, 2.00000e+1, 3, 4, 
2023/07/24 15:54:58.663, 4.28632e+0, 0.00000e+0, 4.69943e+2, 0.00000e+0, 3.85281e+4, 0.00000e+0, 4.45808e+0, 0.00000e+0, 4.88774e+2, 0.00000e+0, 5.01238e+2, 0.00000e+0, 2.36675e+1, 0.00000e+0, 2.96907e+1, 0.00000e+0, 3.37713e+0, 0.00000e+0, 3.03497e+0, 0.00000e+0, 0.00000e+0, -3.13265e-1, 0.00000e+0, -4.91796e+0, 0.00000e+0, 9.88924e-2, 0.00000e+0, 5.23005e+0, 0.00000e+0, 9.70265e+1, 0.00000e+0, 2.00000e+1, 2.00000e+1, 3, 5, 
2023/07/24 15:55:08.856, 4.28413e+0, 0.00000e+0, 4.70517e+2, 0.00000e+0, 3.87607e+4, 0.00000e+0, 4.45688e+0, 0.00000e+0, 4.89490e+2, 0.00000e+0, 5.01270e+2, 0.00000e+0, 2.37433e+1, 0.00000e+0, 2.98187e+1, 0.00000e+0, 3.37760e+0, 0.00000e+0, 3.03531e+0, 0.00000e+0, 0.00000e+0, -3.13190e-1, 0.00000e+0, -4.91790e+0, 0.00000e+0, 9.81354e-2, 0.00000e+0, 5.22944e+0, 0.00000e+0, 9.69904e+1, 0.00000e+0, 2.00000e+1, 2.00000e+1, 3, 6, 
2023/07/24 15:55:18.968, 4.28094e+0, 0.00000e+0, 4.70738e+2, 0.00000e+0, 3.91155e+4, 0.00000e+0, 4.45521e+0, 0.00000e+0, 4.89901e+2, 0.00000e+0, 5.01293e+2, 0.00000e+0, 2.38134e+1, 0.00000e+0, 2.99465e+1, 0.00000e+0, 3.37744e+0, 0.00000e+0, 3.03499e+0, 0.00000e+0, 0.00000e+0, -3.13110e-1, 0.00000e+0, -4.91783e+0, 0.00000e+0, 9.89022e-2, 0.00000e+0, 5.22875e+0, 0.00000e+0, 9.69495e+1, 0.00000e+0, 2.00000e+1, 2.00000e+1, 3, 7, 
2023/07/24 15:55:29.153, 4.27883e+0, 0.00000e+0, 4.70831e+2, 0.00000e+0, 3.94739e+4, 0.00000e+0, 4.45467e+0, 0.00000e+0, 4.90180e+2, 0.00000e+0, 5.01256e+2, 0.00000e+0, 2.38851e+1, 0.00000e+0, 3.00792e+1, 0.00000e+0, 3.37689e+0, 0.00000e+0, 3.03487e+0, 0.00000e+0, 0.00000e+0, -3.13024e-1, 0.00000e+0, -4.91775e+0, 0.00000e+0, 9.81740e-2, 0.00000e+0, 5.22721e+0, 0.00000e+0, 9.68579e+1, 0.00000e+0, 2.00000e+1, 2.00000e+1, 3, 8, 
2023/07/24 15:55:39.272, 4.27597e+0, 0.00000e+0, 4.71260e+2, 0.00000e+0, 3.96825e+4, 0.00000e+0, 4.45266e+0, 0.00000e+0, 4.90734e+2, 0.00000e+0, 5.01250e+2, 0.00000e+0, 2.39549e+1, 0.00000e+0, 3.01991e+1, 0.00000e+0, 3.37616e+0, 0.00000e+0, 3.03400e+0, 0.00000e+0, 0.00000e+0, -3.12942e-1, 0.00000e+0, -4.91765e+0, 0.00000e+0, 9.88045e-2, 0.00000e+0, 5.22702e+0, 0.00000e+0, 9.68467e+1, 0.00000e+0, 2.00000e+1, 2.00000e+1, 3, 1, 
2023/07/24 15:55:49.452, 4.27261e+0, 0.00000e+0, 4.71606e+2, 0.00000e+0, 3.97606e+4, 0.00000e+0, 4.44953e+0, 0.00000e+0, 4.91134e+2, 0.00000e+0, 5.01252e+2, 0.00000e+0, 2.40222e+1, 0.00000e+0, 3.03138e+1, 0.00000e+0, 3.37633e+0, 0.00000e+0, 3.03459e+0, 0.00000e+0, 0.00000e+0, -3.12857e-1, 0.00000e+0, -4.91756e+0, 0.00000e+0, 9.82704e-2, 0.00000e+0, 5.22611e+0, 0.00000e+0, 9.67920e+1, 0.00000e+0, 2.00000e+1, 2.00000e+1, 3, 2, 
2023/07/24 15:55:59.582, 4.26936e+0, 0.00000e+0, 4.72040e+2, 0.00000e+0, 4.00327e+4, 0.00000e+0, 4.44740e+0, 0.00000e+0, 4.91725e+2, 0.00000e+0, 5.01233e+2, 0.00000e+0, 2.40952e+1, 0.00000e+0, 3.04256e+1, 0.00000e+0, 3.37630e+0, 0.00000e+0, 3.03423e+0, 0.00000e+0, 0.00000e+0, -3.12758e-1, 0.00000e+0, -4.91748e+0, 0.00000e+0, 9.86875e-2, 0.00000e+0, 5.22207e+0, 0.00000e+0, 9.65518e+1, 0.00000e+0, 2.00000e+1, 2.00000e+1, 3, 3, 
2023/07/24 15:56:09.915, 4.26948e+0, 0.00000e+0, 4.72569e+2, 0.00000e+0, 3.99951e+4, 0.00000e+0, 4.44735e+0, 0.00000e+0, 4.92257e+2, 0.00000e+0, 5.01179e+2, 0.00000e+0, 2.41677e+1, 0.00000e+0, 3.05428e+1, 0.00000e+0, 3.37475e+0, 0.00000e+0, 3.03304e+0, 0.00000e+0, 0.00000e+0, -3.12627e-1, 0.00000e+0, -4.91736e+0, 0.00000e+0, 9.67024e-2, 0.00000e+0, 5.22104e+0, 0.00000e+0, 9.64904e+1, 0.00000e+0, 2.00000e+1, 2.00000e+1, 3, 4, 
2023/07/24 15:56:19.887, 4.26338e+0, 0.00000e+0, 4.72711e+2, 0.00000e+0, 4.00429e+4, 0.00000e+0, 4.44122e+0, 0.00000e+0, 4.92429e+2, 0.00000e+0, 5.01176e+2, 0.00000e+0, 2.42398e+1, 0.00000e+0, 3.06731e+1, 0.00000e+0, 3.37445e+0, 0.00000e+0, 3.03282e+0, 0.00000e+0, 0.00000e+0, -3.12498e-1, 0.00000e+0, -4.91724e+0, 0.00000e+0, 1.00361e-1, 0.00000e+0, 5.22018e+0, 0.00000e+0, 9.64394e+1, 0.00000e+0, 2.00000e+1, 2.00000e+1, 3, 5, 
2023/07/24 15:56:30.058, 4.25944e+0, 0.00000e+0, 4.72837e+2, 0.00000e+0, 4.02842e+4, 0.00000e+0, 4.43823e+0, 0.00000e+0, 4.92685e+2, 0.00000e+0, 5.01200e+2, 0.00000e+0, 2.43159e+1, 0.00000e+0, 3.08055e+1, 0.00000e+0, 3.37417e+0, 0.00000e+0, 3.03261e+0, 0.00000e+0, 0.00000e+0, -3.12358e-1, 0.00000e+0, -4.91713e+0, 0.00000e+0, 9.83961e-2, 0.00000e+0, 5.22154e+0, 0.00000e+0, 9.65205e+1, 0.00000e+0, 2.00000e+1, 2.00000e+1, 3, 6, 
2023/07/24 15:56:40.254, 4.25462e+0, 0.00000e+0, 4.72944e+2, 0.00000e+0, 4.09125e+4, 0.00000e+0, 4.43611e+0, 0.00000e+0, 4.93119e+2, 0.00000e+0, 5.01216e+2, 0.00000e+0, 2.43936e+1, 0.00000e+0, 3.09383e+1, 0.00000e+0, 3.37314e+0, 0.00000e+0, 3.03189e+0, 0.00000e+0, 0.00000e+0, -3.12241e-1, 0.00000e+0, -4.91703e+0, 0.00000e+0, 9.80392e-2, 0.00000e+0, 5.22133e+0, 0.00000e+0, 9.65080e+1, 0.00000e+0, 2.00000e+1, 2.00000e+1, 3, 7, 
2023/07/24 15:56:50.361, 4.25271e+0, 0.00000e+0, 4.73221e+2, 0.00000e+0, 4.13478e+4, 0.00000e+0, 4.43613e+0, 0.00000e+0, 4.93631e+2, 0.00000e+0, 5.01196e+2, 0.00000e+0, 2.44598e+1, 0.00000e+0, 3.10443e+1, 0.00000e+0, 3.37158e+0, 0.00000e+0, 3.03025e+0, 0.00000e+0, 0.00000e+0, -3.12118e-1, 0.00000e+0, -4.91695e+0, 0.00000e+0, 9.89511e-2, 0.00000e+0, 5.22096e+0, 0.00000e+0, 9.64859e+1, 0.00000e+0, 2.00000e+1, 2.00000e+1, 3, 8, 
2023/07/24 15:57:00.553, 3.32068e+0, 0.00000e+0, 4.35823e+2, 0.00000e+0, 4.16470e+4, 0.00000e+0, 3.46498e+0, 0.00000e+0, 4.54762e+2, 0.00000e+0, 5.01186e+2, 0.00000e+0, 2.45314e+1, 0.00000e+0, 3.11557e+1, 0.00000e+0, 3.37024e+0, 0.00000e+0, 3.03032e+0, 0.00000e+0, 0.00000e+0, -3.11997e-1, 0.00000e+0, -4.91687e+0, 0.00000e+0, 9.81258e-2, 0.00000e+0, 5.22024e+0, 0.00000e+0, 9.64431e+1, 0.00000e+0, 2.00000e+1, 2.00000e+1, 3, 1, 
2023/07/24 15:57:10.653, 1.99758e+0, 0.00000e+0, 3.79190e+2, 0.00000e+0, 4.19513e+4, 0.00000e+0, 2.08505e+0, 0.00000e+0, 3.95794e+2, 0.00000e+0, 5.01167e+2, 0.00000e+0, 2.46077e+1, 0.00000e+0, 3.12676e+1, 0.00000e+0, 3.36883e+0, 0.00000e+0, 3.03136e+0, 0.00000e+0, 0.00000e+0, -3.11907e-1, 0.00000e+0, -4.91678e+0, 0.00000e+0, 9.90393e-2, 0.00000e+0, 5.21978e+0, 0.00000e+0, 9.64153e+1, 0.00000e+0, 2.00000e+1, 2.00000e+1, 3, 2, 
2023/07/24 15:57:20.852, 1.99669e+0, 0.00000e+0, 3.78968e+2, 0.00000e+0, 4.19855e+4, 0.00000e+0, 2.08420e+0, 0.00000e+0, 3.95577e+2, 0.00000e+0, 5.01110e+2, 0.00000e+0, 2.46837e+1, 0.00000e+0, 3.13823e+1, 0.00000e+0, 3.36877e+0, 0.00000e+0, 3.03133e+0, 0.00000e+0, 0.00000e+0, -3.11812e-1, 0.00000e+0, -4.91669e+0, 0.00000e+0, 9.80488e-2, 0.00000e+0, 5.21919e+0, 0.00000e+0, 9.63806e+1, 0.00000e+0, 2.00000e+1, 2.00000e+1, 3, 3, 
2023/07/24 15:57:30.958, 1.99651e+0, 0.00000e+0, 3.78423e+2, 0.00000e+0, 4.20063e+4, 0.00000e+0, 2.08405e+0, 0.00000e+0, 3.95017e+2, 0.00000e+0, 5.01113e+2, 0.00000e+0, 2.47560e+1, 0.00000e+0, 3.14941e+1, 0.00000e+0, 3.36837e+0, 0.00000e+0, 3.03070e+0, 0.00000e+0, 0.00000e+0, -3.11727e-1, 0.00000e+0, -4.91662e+0, 0.00000e+0, 9.89413e-2, 0.00000e+0, 5.21869e+0, 0.00000e+0, 9.63503e+1, 0.00000e+0, 2.00000e+1, 2.00000e+1, 3, 4, 
2023/07/24 15:57:41.161, 1.99975e+0, 0.00000e+0, 3.82717e+2, 0.00000e+0, 4.21677e+4, 0.00000e+0, 2.08778e+0, 0.00000e+0, 3.99566e+2, 0.00000e+0, 5.01134e+2, 0.00000e+0, 2.48243e+1, 0.00000e+0, 3.15727e+1, 0.00000e+0, 3.36756e+0, 0.00000e+0, 3.03029e+0, 0.00000e+0, 0.00000e+0, -3.11630e-1, 0.00000e+0, -4.91655e+0, 0.00000e+0, 9.80104e-2, 0.00000e+0, 5.21823e+0, 0.00000e+0, 9.63230e+1, 0.00000e+0, 2.00000e+1, 2.00000e+1, 3, 5, 
2023/07/24 15:57:51.262, 1.99894e+0, 0.00000e+0, 3.83787e+2, 0.00000e+0, 4.23701e+4, 0.00000e+0, 2.08738e+0, 0.00000e+0, 4.00767e+2, 0.00000e+0, 5.01150e+2, 0.00000e+0, 2.49028e+1, 0.00000e+0, 3.16732e+1, 0.00000e+0, 3.36703e+0, 0.00000e+0, 3.02980e+0, 0.00000e+0, 0.00000e+0, -3.11522e-1, 0.00000e+0, -4.91647e+0, 0.00000e+0, 9.89903e-2, 0.00000e+0, 5.21769e+0, 0.00000e+0, 9.62908e+1, 0.00000e+0, 2.00000e+1, 2.00000e+1, 3, 6, 
2023/07/24 15:58:01.457, 1.99731e+0, 0.00000e+0, 3.82525e+2, 0.00000e+0, 4.27348e+4, 0.00000e+0, 2.08648e+0, 0.00000e+0, 3.99602e+2, 0.00000e+0, 5.01142e+2, 0.00000e+0, 2.49727e+1, 0.00000e+0, 3.17635e+1, 0.00000e+0, 3.36667e+0, 0.00000e+0, 3.02933e+0, 0.00000e+0, 0.00000e+0, -3.11405e-1, 0.00000e+0, -4.91639e+0, 0.00000e+0, 9.81258e-2, 0.00000e+0, 5.21648e+0, 0.00000e+0, 9.62188e+1, 0.00000e+0, 2.00000e+1, 2.00000e+1, 3, 7, 
2023/07/24 15:58:11.567, 1.99871e+0, 0.00000e+0, 3.83845e+2, 0.00000e+0, 4.31532e+4, 0.00000e+0, 2.08885e+0, 0.00000e+0, 4.01156e+2, 0.00000e+0, 5.01156e+2, 0.00000e+0, 2.50493e+1, 0.00000e+0, 3.18551e+1, 0.00000e+0, 3.36637e+0, 0.00000e+0, 3.02896e+0, 0.00000e+0, 0.00000e+0, -3.11295e-1, 0.00000e+0, -4.91633e+0, 0.00000e+0, 9.89120e-2, 0.00000e+0, 5.21646e+0, 0.00000e+0, 9.62179e+1, 0.00000e+0, 2.00000e+1, 2.00000e+1, 3, 8, 
2023/07/24 15:58:21.757, 1.99922e+0, 0.00000e+0, 3.82966e+2, 0.00000e+0, 4.35313e+4, 0.00000e+0, 2.09021e+0, 0.00000e+0, 4.00396e+2, 0.00000e+0, 5.01126e+2, 0.00000e+0, 2.51262e+1, 0.00000e+0, 3.19496e+1, 0.00000e+0, 3.36625e+0, 0.00000e+0, 3.02934e+0, 0.00000e+0, 0.00000e+0, -3.11186e-1, 0.00000e+0, -4.91627e+0, 0.00000e+0, 9.81643e-2, 0.00000e+0, 5.21613e+0, 0.00000e+0, 9.61980e+1, 0.00000e+0, 2.00000e+1, 2.00000e+1, 3, 1, 
2023/07/24 15:58:31.871, 2.50096e+0, 0.00000e+0, 4.04153e+2, 0.00000e+0, 4.37322e+4, 0.00000e+0, 2.61534e+0, 0.00000e+0, 4.22636e+2, 0.00000e+0, 5.01080e+2, 0.00000e+0, 2.52044e+1, 0.00000e+0, 3.20363e+1, 0.00000e+0, 3.36733e+0, 0.00000e+0, 3.02924e+0, 0.00000e+0, 0.00000e+0, -3.11084e-1, 0.00000e+0, -4.91620e+0, 0.00000e+0, 9.88435e-2, 0.00000e+0, 5.21567e+0, 0.00000e+0, 9.61711e+1, 0.00000e+0, 2.00000e+1, 2.00000e+1, 3, 2, 
2023/07/24 15:58:42.055, 4.14439e+0, 0.00000e+0, 4.73066e+2, 0.00000e+0, 4.37290e+4, 0.00000e+0, 4.33390e+0, 0.00000e+0, 4.94698e+2, 0.00000e+0, 5.01063e+2, 0.00000e+0, 2.52811e+1, 0.00000e+0, 3.21235e+1, 0.00000e+0, 3.36962e+0, 0.00000e+0, 3.02895e+0, 0.00000e+0, 0.00000e+0, -3.10962e-1, 0.00000e+0, -4.91613e+0, 0.00000e+0, 9.82511e-2, 0.00000e+0, 5.21506e+0, 0.00000e+0, 9.61346e+1, 0.00000e+0, 2.00000e+1, 2.00000e+1, 3, 3, 
2023/07/24 15:58:52.175, 4.08215e+0, 0.00000e+0, 4.70966e+2, 0.00000e+0, 4.36723e+4, 0.00000e+0, 4.26857e+0, 0.00000e+0, 4.92474e+2, 0.00000e+0, 5.01085e+2, 0.00000e+0, 2.53510e+1, 0.00000e+0, 3.22230e+1, 0.00000e+0, 3.37012e+0, 0.00000e+0, 3.02956e+0, 0.00000e+0, 0.00000e+0, -3.10835e-1, 0.00000e+0, -4.91607e+0, 0.00000e+0, 9.87167e-2, 0.00000e+0, 5.21479e+0, 0.00000e+0, 9.61187e+1, 0.00000e+0, 2.00000e+1, 2.00000e+1, 3, 4, 
2023/07/24 15:59:02.357, 4.06997e+0, 0.00000e+0, 4.71135e+2, 0.00000e+0, 4.36519e+4, 0.00000e+0, 4.25574e+0, 0.00000e+0, 4.92640e+2, 0.00000e+0, 5.01112e+2, 0.00000e+0, 2.54229e+1, 0.00000e+0, 3.23122e+1, 0.00000e+0, 3.37065e+0, 0.00000e+0, 3.02992e+0, 0.00000e+0, 0.00000e+0, -3.10720e-1, 0.00000e+0, -4.91601e+0, 0.00000e+0, 9.82898e-2, 0.00000e+0, 5.21393e+0, 0.00000e+0, 9.60674e+1, 0.00000e+0, 2.00000e+1, 2.00000e+1, 3, 5, 
2023/07/24 15:59:12.480, 4.06719e+0, 0.00000e+0, 4.71334e+2, 0.00000e+0, 4.36904e+4, 0.00000e+0, 4.25300e+0, 0.00000e+0, 4.92868e+2, 0.00000e+0, 5.01110e+2, 0.00000e+0, 2.54988e+1, 0.00000e+0, 3.24139e+1, 0.00000e+0, 3.37070e+0, 0.00000e+0, 3.03018e+0, 0.00000e+0, 0.00000e+0, -3.10597e-1, 0.00000e+0, -4.91595e+0, 0.00000e+0, 9.87167e-2, 0.00000e+0, 5.21335e+0, 0.00000e+0, 9.60325e+1, 0.00000e+0, 2.00000e+1, 2.00000e+1, 3, 6, 
2023/07/24 15:59:22.656, 4.06185e+0, 0.00000e+0, 4.71414e+2, 0.00000e+0, 4.39593e+4, 0.00000e+0, 4.24862e+0, 0.00000e+0, 4.93090e+2, 0.00000e+0, 5.01093e+2, 0.00000e+0, 2.55723e+1, 0.00000e+0, 3.25183e+1, 0.00000e+0, 3.36984e+0, 0.00000e+0, 3.02927e+0, 0.00000e+0, 0.00000e+0, -3.10467e-1, 0.00000e+0, -4.91589e+0, 0.00000e+0, 9.82898e-2, 0.00000e+0, 5.21264e+0, 0.00000e+0, 9.59905e+1, 0.00000e+0, 2.00000e+1, 2.00000e+1, 3, 7, 
2023/07/24 15:59:32.782, 4.05847e+0, 0.00000e+0, 4.71550e+2, 0.00000e+0, 4.42023e+4, 0.00000e+0, 4.24616e+0, 0.00000e+0, 4.93358e+2, 0.00000e+0, 5.01085e+2, 0.00000e+0, 2.56473e+1, 0.00000e+0, 3.25992e+1, 0.00000e+0, 3.36942e+0, 0.00000e+0, 3.02906e+0, 0.00000e+0, 0.00000e+0, -3.10348e-1, 0.00000e+0, -4.91582e+0, 0.00000e+0, 9.88240e-2, 0.00000e+0, 5.21227e+0, 0.00000e+0, 9.59685e+1, 0.00000e+0, 2.00000e+1, 2.00000e+1, 3, 8, 
2023/07/24 15:59:42.953, 4.05734e+0, 0.00000e+0, 4.71876e+2, 0.00000e+0, 4.43842e+4, 0.00000e+0, 4.24579e+0, 0.00000e+0, 4.93792e+2, 0.00000e+0, 5.01050e+2, 0.00000e+0, 2.57242e+1, 0.00000e+0, 3.27105e+1, 0.00000e+0, 3.36991e+0, 0.00000e+0, 3.02991e+0, 0.00000e+0, 0.00000e+0, -3.10222e-1, 0.00000e+0, -4.91577e+0, 0.00000e+0, 9.83381e-2, 0.00000e+0, 5.21170e+0, 0.00000e+0, 9.59346e+1, 0.00000e+0, 2.00000e+1, 2.00000e+1, 3, 1, 
2023/07/24 15:59:53.151, 4.05432e+0, 0.00000e+0, 4.72236e+2, 0.00000e+0, 4.46429e+4, 0.00000e+0, 4.24377e+0, 0.00000e+0, 4.94303e+2, 0.00000e+0, 5.01031e+2, 0.00000e+0, 2.58059e+1, 0.00000e+0, 3.28439e+1, 0.00000e+0, 3.36984e+0, 0.00000e+0, 3.02968e+0, 0.00000e+0, 0.00000e+0, -3.10113e-1, 0.00000e+0, -4.91572e+0, 0.00000e+0, 9.79912e-2, 0.00000e+0, 5.21102e+0, 0.00000e+0, 9.58943e+1, 0.00000e+0, 2.00000e+1, 2.00000e+1, 3, 2, 

