SN:3K430000012749 BD:Apr 19 2021 VC:7d9ffae MD5:34e03199e6006f2831fb02c414d62259
                     Time,      [CH4]_ppm,   [CH4]_ppm_sd,      [CO2]_ppm,   [CO2]_ppm_sd,      [H2O]_ppm,   [H2O]_ppm_sd,     [CH4]d_ppm,  [CH4]d_ppm_sd,     [CO2]d_ppm,  [CO2]d_ppm_sd,      GasP_torr,   GasP_torr_sd,         GasT_C,      GasT_C_sd,         AmbT_C,      AmbT_C_sd,         RD0_us,      RD0_us_sd,         RD1_us,      RD1_us_sd,     RD0_raw_us,         LTC0_v,      LTC0_v_sd,         LTC1_v,      LTC1_v_sd,             HZ,          HZ_sd,         Batt_v,      Batt_v_sd,        BattPer,     BattPer_sd, Temp_Status_mA,Analyzer_Status_mA,       Fit_Flag,      MIU_VALVE,       MIU_DESC
2023/07/24 16:10:02.287, 9.98130e+2, 0.00000e+0, 4.68899e+2, 0.00000e+0, 6.29564e+3, 0.00000e+0, 1.00445e+3, 0.00000e+0, 4.71870e+2, 0.00000e+0, 5.00816e+2, 0.00000e+0, 2.98865e+1, 0.00000e+0, 3.63522e+1, 0.00000e+0, 4.37296e+0, 0.00000e+0, 3.02703e+0, 0.00000e+0, 0.00000e+0, -2.99423e-1, 0.00000e+0, -4.91487e+0, 0.00000e+0, 9.86875e-2, 0.00000e+0, 5.16672e+0, 0.00000e+0, 9.32574e+1, 0.00000e+0, 2.00000e+1, 9.00000e+0, 3, 6, 
2023/07/24 16:10:12.453, 9.97543e+2, 0.00000e+0, 4.69404e+2, 0.00000e+0, 6.49131e+3, 0.00000e+0, 1.00406e+3, 0.00000e+0, 4.72471e+2, 0.00000e+0, 5.00817e+2, 0.00000e+0, 2.99438e+1, 0.00000e+0, 3.63907e+1, 0.00000e+0, 4.37236e+0, 0.00000e+0, 3.02738e+0, 0.00000e+0, 0.00000e+0, -2.99349e-1, 0.00000e+0, -4.91486e+0, 0.00000e+0, 9.84058e-2, 0.00000e+0, 5.16540e+0, 0.00000e+0, 9.31788e+1, 0.00000e+0, 2.00000e+1, 9.00000e+0, 3, 7, 
2023/07/24 16:10:22.655, 9.96604e+2, 0.00000e+0, 4.69781e+2, 0.00000e+0, 6.54265e+3, 0.00000e+0, 1.00317e+3, 0.00000e+0, 4.72875e+2, 0.00000e+0, 5.00786e+2, 0.00000e+0, 3.00007e+1, 0.00000e+0, 3.64262e+1, 0.00000e+0, 4.37216e+0, 0.00000e+0, 3.02726e+0, 0.00000e+0, 0.00000e+0, -2.99275e-1, 0.00000e+0, -4.91485e+0, 0.00000e+0, 9.80296e-2, 0.00000e+0, 5.16412e+0, 0.00000e+0, 9.31023e+1, 0.00000e+0, 2.00000e+1, 9.00000e+0, 3, 8, 
2023/07/24 16:10:32.754, 9.95179e+2, 0.00000e+0, 4.70153e+2, 0.00000e+0, 6.12279e+3, 0.00000e+0, 1.00131e+3, 0.00000e+0, 4.73050e+2, 0.00000e+0, 5.00743e+2, 0.00000e+0, 3.00595e+1, 0.00000e+0, 3.64541e+1, 0.00000e+0, 4.37284e+0, 0.00000e+0, 3.02758e+0, 0.00000e+0, 0.00000e+0, -2.99216e-1, 0.00000e+0, -4.91484e+0, 0.00000e+0, 9.90197e-2, 0.00000e+0, 5.16304e+0, 0.00000e+0, 9.30381e+1, 0.00000e+0, 2.00000e+1, 9.00000e+0, 3, 1, 
2023/07/24 16:10:42.951, 9.94954e+2, 0.00000e+0, 4.70206e+2, 0.00000e+0, 6.26912e+3, 0.00000e+0, 1.00123e+3, 0.00000e+0, 4.73172e+2, 0.00000e+0, 5.00712e+2, 0.00000e+0, 3.01158e+1, 0.00000e+0, 3.64925e+1, 0.00000e+0, 4.37026e+0, 0.00000e+0, 3.02824e+0, 0.00000e+0, 0.00000e+0, -2.99156e-1, 0.00000e+0, -4.91482e+0, 0.00000e+0, 9.80777e-2, 0.00000e+0, 5.16213e+0, 0.00000e+0, 9.29839e+1, 0.00000e+0, 2.00000e+1, 9.00000e+0, 3, 2, 
2023/07/24 16:10:53.055, 9.93899e+2, 0.00000e+0, 4.70486e+2, 0.00000e+0, 6.36390e+3, 0.00000e+0, 1.00026e+3, 0.00000e+0, 4.73499e+2, 0.00000e+0, 5.00728e+2, 0.00000e+0, 3.01715e+1, 0.00000e+0, 3.65181e+1, 0.00000e+0, 4.36999e+0, 0.00000e+0, 3.02824e+0, 0.00000e+0, 0.00000e+0, -2.99095e-1, 0.00000e+0, -4.91481e+0, 0.00000e+0, 9.89707e-2, 0.00000e+0, 5.16138e+0, 0.00000e+0, 9.29391e+1, 0.00000e+0, 2.00000e+1, 9.00000e+0, 3, 3, 
2023/07/24 16:11:03.246, 9.92731e+2, 0.00000e+0, 4.70542e+2, 0.00000e+0, 6.58284e+3, 0.00000e+0, 9.99309e+2, 0.00000e+0, 4.73660e+2, 0.00000e+0, 5.00762e+2, 0.00000e+0, 3.02255e+1, 0.00000e+0, 3.65136e+1, 0.00000e+0, 4.36919e+0, 0.00000e+0, 3.02868e+0, 0.00000e+0, 0.00000e+0, -2.99033e-1, 0.00000e+0, -4.91480e+0, 0.00000e+0, 9.81451e-2, 0.00000e+0, 5.16024e+0, 0.00000e+0, 9.28713e+1, 0.00000e+0, 2.00000e+1, 9.00000e+0, 3, 4, 
2023/07/24 16:11:13.366, 9.90677e+2, 0.00000e+0, 4.70577e+2, 0.00000e+0, 6.27510e+3, 0.00000e+0, 9.96933e+2, 0.00000e+0, 4.73549e+2, 0.00000e+0, 5.00794e+2, 0.00000e+0, 3.02799e+1, 0.00000e+0, 3.65383e+1, 0.00000e+0, 4.37081e+0, 0.00000e+0, 3.02871e+0, 0.00000e+0, 0.00000e+0, -2.98987e-1, 0.00000e+0, -4.91478e+0, 0.00000e+0, 9.87362e-2, 0.00000e+0, 5.15933e+0, 0.00000e+0, 9.28175e+1, 0.00000e+0, 2.00000e+1, 9.00000e+0, 3, 5, 
2023/07/24 16:11:23.555, 9.89882e+2, 0.00000e+0, 4.71061e+2, 0.00000e+0, 6.35771e+3, 0.00000e+0, 9.96215e+2, 0.00000e+0, 4.74075e+2, 0.00000e+0, 5.00799e+2, 0.00000e+0, 3.03376e+1, 0.00000e+0, 3.65720e+1, 0.00000e+0, 4.37058e+0, 0.00000e+0, 3.02880e+0, 0.00000e+0, 0.00000e+0, -2.98940e-1, 0.00000e+0, -4.91477e+0, 0.00000e+0, 9.82125e-2, 0.00000e+0, 5.15802e+0, 0.00000e+0, 9.27395e+1, 0.00000e+0, 2.00000e+1, 9.00000e+0, 3, 6, 
2023/07/24 16:11:33.671, 9.89723e+2, 0.00000e+0, 4.71622e+2, 0.00000e+0, 6.48432e+3, 0.00000e+0, 9.96183e+2, 0.00000e+0, 4.74700e+2, 0.00000e+0, 5.00770e+2, 0.00000e+0, 3.03914e+1, 0.00000e+0, 3.66104e+1, 0.00000e+0, 4.36866e+0, 0.00000e+0, 3.02873e+0, 0.00000e+0, 0.00000e+0, -2.98892e-1, 0.00000e+0, -4.91476e+0, 0.00000e+0, 9.87947e-2, 0.00000e+0, 5.15673e+0, 0.00000e+0, 9.26628e+1, 0.00000e+0, 2.00000e+1, 9.00000e+0, 3, 7, 
2023/07/24 16:11:43.857, 9.88889e+2, 0.00000e+0, 4.72049e+2, 0.00000e+0, 6.53294e+3, 0.00000e+0, 9.95392e+2, 0.00000e+0, 4.75153e+2, 0.00000e+0, 5.00719e+2, 0.00000e+0, 3.04470e+1, 0.00000e+0, 3.66288e+1, 0.00000e+0, 4.36929e+0, 0.00000e+0, 3.02887e+0, 0.00000e+0, 0.00000e+0, -2.98842e-1, 0.00000e+0, -4.91476e+0, 0.00000e+0, 9.82222e-2, 0.00000e+0, 5.15566e+0, 0.00000e+0, 9.25986e+1, 0.00000e+0, 2.00000e+1, 9.00000e+0, 3, 8, 
2023/07/24 16:11:53.987, 9.88201e+2, 0.00000e+0, 4.72222e+2, 0.00000e+0, 6.61421e+3, 0.00000e+0, 9.94780e+2, 0.00000e+0, 4.75367e+2, 0.00000e+0, 5.00694e+2, 0.00000e+0, 3.05015e+1, 0.00000e+0, 3.66487e+1, 0.00000e+0, 4.36883e+0, 0.00000e+0, 3.02900e+0, 0.00000e+0, 0.00000e+0, -2.98790e-1, 0.00000e+0, -4.91476e+0, 0.00000e+0, 9.86972e-2, 0.00000e+0, 5.15445e+0, 0.00000e+0, 9.25266e+1, 0.00000e+0, 2.00000e+1, 9.00000e+0, 3, 1, 
2023/07/24 16:12:04.152, 9.87780e+2, 0.00000e+0, 4.72642e+2, 0.00000e+0, 6.65060e+3, 0.00000e+0, 9.94393e+2, 0.00000e+0, 4.75807e+2, 0.00000e+0, 5.00713e+2, 0.00000e+0, 3.05574e+1, 0.00000e+0, 3.66804e+1, 0.00000e+0, 4.36651e+0, 0.00000e+0, 3.02874e+0, 0.00000e+0, 0.00000e+0, -2.98737e-1, 0.00000e+0, -4.91476e+0, 0.00000e+0, 9.84155e-2, 0.00000e+0, 5.15316e+0, 0.00000e+0, 9.24499e+1, 0.00000e+0, 2.00000e+1, 9.00000e+0, 3, 2, 
2023/07/24 16:12:14.355, 9.85947e+2, 0.00000e+0, 4.72935e+2, 0.00000e+0, 6.25525e+3, 0.00000e+0, 9.92154e+2, 0.00000e+0, 4.75912e+2, 0.00000e+0, 5.00761e+2, 0.00000e+0, 3.06110e+1, 0.00000e+0, 3.67064e+1, 0.00000e+0, 4.36791e+0, 0.00000e+0, 3.02911e+0, 0.00000e+0, 0.00000e+0, -2.98700e-1, 0.00000e+0, -4.91476e+0, 0.00000e+0, 9.79816e-2, 0.00000e+0, 5.15231e+0, 0.00000e+0, 9.23995e+1, 0.00000e+0, 2.00000e+1, 9.00000e+0, 3, 3, 
2023/07/24 16:12:24.457, 9.84369e+2, 0.00000e+0, 4.73296e+2, 0.00000e+0, 6.22473e+3, 0.00000e+0, 9.90535e+2, 0.00000e+0, 4.76260e+2, 0.00000e+0, 5.00774e+2, 0.00000e+0, 3.06593e+1, 0.00000e+0, 3.67325e+1, 0.00000e+0, 4.36949e+0, 0.00000e+0, 3.02931e+0, 0.00000e+0, 0.00000e+0, -2.98668e-1, 0.00000e+0, -4.91476e+0, 0.00000e+0, 9.90001e-2, 0.00000e+0, 5.15137e+0, 0.00000e+0, 9.23434e+1, 0.00000e+0, 2.00000e+1, 9.00000e+0, 3, 4, 
2023/07/24 16:12:34.656, 9.83161e+2, 0.00000e+0, 4.73222e+2, 0.00000e+0, 6.27793e+3, 0.00000e+0, 9.89372e+2, 0.00000e+0, 4.76212e+2, 0.00000e+0, 5.00769e+2, 0.00000e+0, 3.07137e+1, 0.00000e+0, 3.67756e+1, 0.00000e+0, 4.37049e+0, 0.00000e+0, 3.02970e+0, 0.00000e+0, 0.00000e+0, -2.98636e-1, 0.00000e+0, -4.91476e+0, 0.00000e+0, 9.80777e-2, 0.00000e+0, 5.15004e+0, 0.00000e+0, 9.22641e+1, 0.00000e+0, 2.00000e+1, 9.00000e+0, 3, 5, 
2023/07/24 16:12:44.755, 9.82745e+2, 0.00000e+0, 4.73394e+2, 0.00000e+0, 6.34770e+3, 0.00000e+0, 9.89023e+2, 0.00000e+0, 4.76418e+2, 0.00000e+0, 5.00741e+2, 0.00000e+0, 3.07679e+1, 0.00000e+0, 3.68053e+1, 0.00000e+0, 4.36927e+0, 0.00000e+0, 3.02978e+0, 0.00000e+0, 0.00000e+0, -2.98603e-1, 0.00000e+0, -4.91476e+0, 0.00000e+0, 9.90491e-2, 0.00000e+0, 5.14893e+0, 0.00000e+0, 9.21979e+1, 0.00000e+0, 2.00000e+1, 9.00000e+0, 3, 6, 
2023/07/24 16:12:54.960, 9.82227e+2, 0.00000e+0, 4.73588e+2, 0.00000e+0, 6.39662e+3, 0.00000e+0, 9.88550e+2, 0.00000e+0, 4.76637e+2, 0.00000e+0, 5.00734e+2, 0.00000e+0, 3.08181e+1, 0.00000e+0, 3.68120e+1, 0.00000e+0, 4.36718e+0, 0.00000e+0, 3.02999e+0, 0.00000e+0, 0.00000e+0, -2.98569e-1, 0.00000e+0, -4.91476e+0, 0.00000e+0, 9.79912e-2, 0.00000e+0, 5.14738e+0, 0.00000e+0, 9.21057e+1, 0.00000e+0, 2.00000e+1, 9.00000e+0, 3, 7, 
2023/07/24 16:13:05.059, 9.81664e+2, 0.00000e+0, 4.74016e+2, 0.00000e+0, 6.59926e+3, 0.00000e+0, 9.88186e+2, 0.00000e+0, 4.77165e+2, 0.00000e+0, 5.00704e+2, 0.00000e+0, 3.08670e+1, 0.00000e+0, 3.68159e+1, 0.00000e+0, 4.36667e+0, 0.00000e+0, 3.03002e+0, 0.00000e+0, 0.00000e+0, -2.98532e-1, 0.00000e+0, -4.91476e+0, 0.00000e+0, 9.90099e-2, 0.00000e+0, 5.14601e+0, 0.00000e+0, 9.20246e+1, 0.00000e+0, 2.00000e+1, 9.00000e+0, 3, 8, 
2023/07/24 16:13:15.255, 9.80688e+2, 0.00000e+0, 4.74253e+2, 0.00000e+0, 6.67948e+3, 0.00000e+0, 9.87282e+2, 0.00000e+0, 4.77442e+2, 0.00000e+0, 5.00716e+2, 0.00000e+0, 3.09176e+1, 0.00000e+0, 3.68281e+1, 0.00000e+0, 4.36682e+0, 0.00000e+0, 3.03052e+0, 0.00000e+0, 0.00000e+0, -2.98492e-1, 0.00000e+0, -4.91476e+0, 0.00000e+0, 9.80488e-2, 0.00000e+0, 5.14478e+0, 0.00000e+0, 9.19513e+1, 0.00000e+0, 2.00000e+1, 9.00000e+0, 3, 1, 
2023/07/24 16:13:25.363, 9.79977e+2, 0.00000e+0, 4.74638e+2, 0.00000e+0, 6.68706e+3, 0.00000e+0, 9.86575e+2, 0.00000e+0, 4.77833e+2, 0.00000e+0, 5.00750e+2, 0.00000e+0, 3.09729e+1, 0.00000e+0, 3.68834e+1, 0.00000e+0, 4.36579e+0, 0.00000e+0, 3.03079e+0, 0.00000e+0, 0.00000e+0, -2.98454e-1, 0.00000e+0, -4.91476e+0, 0.00000e+0, 9.89903e-2, 0.00000e+0, 5.14342e+0, 0.00000e+0, 9.18704e+1, 0.00000e+0, 2.00000e+1, 9.00000e+0, 3, 2, 
2023/07/24 16:13:35.551, 9.79281e+2, 0.00000e+0, 4.74833e+2, 0.00000e+0, 6.82611e+3, 0.00000e+0, 9.86012e+2, 0.00000e+0, 4.78097e+2, 0.00000e+0, 5.00769e+2, 0.00000e+0, 3.10274e+1, 0.00000e+0, 3.69326e+1, 0.00000e+0, 4.36462e+0, 0.00000e+0, 3.03066e+0, 0.00000e+0, 0.00000e+0, -2.98416e-1, 0.00000e+0, -4.91476e+0, 0.00000e+0, 9.81740e-2, 0.00000e+0, 5.14223e+0, 0.00000e+0, 9.17997e+1, 0.00000e+0, 2.00000e+1, 9.00000e+0, 3, 3, 
2023/07/24 16:13:45.666, 9.77859e+2, 0.00000e+0, 4.75032e+2, 0.00000e+0, 2.00248e+3, 0.00000e+0, 9.79821e+2, 0.00000e+0, 4.75985e+2, 0.00000e+0, 5.00758e+2, 0.00000e+0, 3.10767e+1, 0.00000e+0, 3.69685e+1, 0.00000e+0, 4.36498e+0, 0.00000e+0, 3.03108e+0, 0.00000e+0, 0.00000e+0, -2.98394e-1, 0.00000e+0, -4.91476e+0, 0.00000e+0, 9.88240e-2, 0.00000e+0, 5.14107e+0, 0.00000e+0, 9.17306e+1, 0.00000e+0, 2.00000e+1, 9.00000e+0, 3, 4, 
2023/07/24 16:13:55.861, 9.76937e+2, 0.00000e+0, 4.74898e+2, 0.00000e+0, 2.12850e+3, 0.00000e+0, 9.79021e+2, 0.00000e+0, 4.75911e+2, 0.00000e+0, 5.00742e+2, 0.00000e+0, 3.11241e+1, 0.00000e+0, 3.69870e+1, 0.00000e+0, 4.36464e+0, 0.00000e+0, 3.03061e+0, 0.00000e+0, 0.00000e+0, -2.98370e-1, 0.00000e+0, -4.91476e+0, 0.00000e+0, 9.81354e-2, 0.00000e+0, 5.13972e+0, 0.00000e+0, 9.16498e+1, 0.00000e+0, 2.00000e+1, 9.00000e+0, 3, 5, 
2023/07/24 16:14:05.970, 9.76254e+2, 0.00000e+0, 4.74630e+2, 0.00000e+0, 2.31046e+3, 0.00000e+0, 9.78515e+2, 0.00000e+0, 4.75730e+2, 0.00000e+0, 5.00712e+2, 0.00000e+0, 3.11741e+1, 0.00000e+0, 3.70053e+1, 0.00000e+0, 4.36283e+0, 0.00000e+0, 3.03068e+0, 0.00000e+0, 0.00000e+0, -2.98346e-1, 0.00000e+0, -4.91476e+0, 0.00000e+0, 9.88631e-2, 0.00000e+0, 5.13820e+0, 0.00000e+0, 9.15598e+1, 0.00000e+0, 2.00000e+1, 9.00000e+0, 3, 6, 
2023/07/24 16:14:16.156, 9.75655e+2, 0.00000e+0, 4.74565e+2, 0.00000e+0, 2.61961e+3, 0.00000e+0, 9.78217e+2, 0.00000e+0, 4.75811e+2, 0.00000e+0, 5.00685e+2, 0.00000e+0, 3.12227e+1, 0.00000e+0, 3.70201e+1, 0.00000e+0, 4.36091e+0, 0.00000e+0, 3.03026e+0, 0.00000e+0, 0.00000e+0, -2.98318e-1, 0.00000e+0, -4.91476e+0, 0.00000e+0, 9.82415e-2, 0.00000e+0, 5.13692e+0, 0.00000e+0, 9.14835e+1, 0.00000e+0, 2.00000e+1, 9.00000e+0, 3, 7, 
2023/07/24 16:14:26.275, 9.74597e+2, 0.00000e+0, 4.74467e+2, 0.00000e+0, 6.86019e+3, 0.00000e+0, 9.81329e+2, 0.00000e+0, 4.77745e+2, 0.00000e+0, 5.00689e+2, 0.00000e+0, 3.12709e+1, 0.00000e+0, 3.70742e+1, 0.00000e+0, 4.36071e+0, 0.00000e+0, 3.02997e+0, 0.00000e+0, 0.00000e+0, -2.98289e-1, 0.00000e+0, -4.91476e+0, 0.00000e+0, 9.87752e-2, 0.00000e+0, 5.13550e+0, 0.00000e+0, 9.13986e+1, 0.00000e+0, 2.00000e+1, 9.00000e+0, 3, 8, 
2023/07/24 16:14:36.455, 9.74228e+2, 0.00000e+0, 4.74686e+2, 0.00000e+0, 7.03833e+3, 0.00000e+0, 9.81134e+2, 0.00000e+0, 4.78050e+2, 0.00000e+0, 5.00735e+2, 0.00000e+0, 3.13215e+1, 0.00000e+0, 3.70991e+1, 0.00000e+0, 4.35754e+0, 0.00000e+0, 3.03036e+0, 0.00000e+0, 0.00000e+0, -2.98258e-1, 0.00000e+0, -4.91476e+0, 0.00000e+0, 9.82415e-2, 0.00000e+0, 5.13375e+0, 0.00000e+0, 9.12944e+1, 0.00000e+0, 2.00000e+1, 9.00000e+0, 3, 1, 
2023/07/24 16:14:46.579, 9.73484e+2, 0.00000e+0, 4.74915e+2, 0.00000e+0, 7.06766e+3, 0.00000e+0, 9.80413e+2, 0.00000e+0, 4.78295e+2, 0.00000e+0, 5.00754e+2, 0.00000e+0, 3.13696e+1, 0.00000e+0, 3.71100e+1, 0.00000e+0, 4.35651e+0, 0.00000e+0, 3.03069e+0, 0.00000e+0, 0.00000e+0, -2.98226e-1, 0.00000e+0, -4.91476e+0, 0.00000e+0, 9.87654e-2, 0.00000e+0, 5.13204e+0, 0.00000e+0, 9.11931e+1, 0.00000e+0, 2.00000e+1, 9.00000e+0, 3, 2, 
2023/07/24 16:14:56.757, 9.72541e+2, 0.00000e+0, 4.75067e+2, 0.00000e+0, 7.10420e+3, 0.00000e+0, 9.79500e+2, 0.00000e+0, 4.78466e+2, 0.00000e+0, 5.00761e+2, 0.00000e+0, 3.14142e+1, 0.00000e+0, 3.71167e+1, 0.00000e+0, 4.35530e+0, 0.00000e+0, 3.03049e+0, 0.00000e+0, 0.00000e+0, -2.98193e-1, 0.00000e+0, -4.91476e+0, 0.00000e+0, 9.82898e-2, 0.00000e+0, 5.13021e+0, 0.00000e+0, 9.10838e+1, 0.00000e+0, 2.00000e+1, 9.00000e+0, 3, 3, 
2023/07/24 16:15:06.884, 9.71545e+2, 0.00000e+0, 4.74965e+2, 0.00000e+0, 7.19881e+3, 0.00000e+0, 9.78589e+2, 0.00000e+0, 4.78409e+2, 0.00000e+0, 5.00721e+2, 0.00000e+0, 3.14601e+1, 0.00000e+0, 3.71421e+1, 0.00000e+0, 4.35424e+0, 0.00000e+0, 3.03111e+0, 0.00000e+0, 0.00000e+0, -2.98160e-1, 0.00000e+0, -4.91476e+0, 0.00000e+0, 9.87069e-2, 0.00000e+0, 5.12862e+0, 0.00000e+0, 9.09892e+1, 0.00000e+0, 2.00000e+1, 9.00000e+0, 3, 4, 
2023/07/24 16:15:17.056, 9.70765e+2, 0.00000e+0, 4.75341e+2, 0.00000e+0, 7.16195e+3, 0.00000e+0, 9.77768e+2, 0.00000e+0, 4.78770e+2, 0.00000e+0, 5.00687e+2, 0.00000e+0, 3.15079e+1, 0.00000e+0, 3.71713e+1, 0.00000e+0, 4.35290e+0, 0.00000e+0, 3.03142e+0, 0.00000e+0, 0.00000e+0, -2.98125e-1, 0.00000e+0, -4.91476e+0, 0.00000e+0, 9.82898e-2, 0.00000e+0, 5.12735e+0, 0.00000e+0, 9.09135e+1, 0.00000e+0, 2.00000e+1, 9.00000e+0, 3, 5, 
2023/07/24 16:15:27.187, 9.68948e+2, 0.00000e+0, 4.75435e+2, 0.00000e+0, 6.82538e+3, 0.00000e+0, 9.75607e+2, 0.00000e+0, 4.78702e+2, 0.00000e+0, 5.00650e+2, 0.00000e+0, 3.15559e+1, 0.00000e+0, 3.71731e+1, 0.00000e+0, 4.35455e+0, 0.00000e+0, 3.03126e+0, 0.00000e+0, 0.00000e+0, -2.98107e-1, 0.00000e+0, -4.91476e+0, 0.00000e+0, 9.87752e-2, 0.00000e+0, 5.12625e+0, 0.00000e+0, 9.08481e+1, 0.00000e+0, 2.00000e+1, 9.00000e+0, 3, 6, 
2023/07/24 16:15:37.353, 9.67973e+2, 0.00000e+0, 4.75774e+2, 0.00000e+0, 7.02443e+3, 0.00000e+0, 9.74821e+2, 0.00000e+0, 4.79140e+2, 0.00000e+0, 5.00651e+2, 0.00000e+0, 3.16009e+1, 0.00000e+0, 3.71928e+1, 0.00000e+0, 4.35471e+0, 0.00000e+0, 3.03178e+0, 0.00000e+0, 0.00000e+0, -2.98088e-1, 0.00000e+0, -4.91476e+0, 0.00000e+0, 9.84155e-2, 0.00000e+0, 5.12519e+0, 0.00000e+0, 9.07852e+1, 0.00000e+0, 2.00000e+1, 9.00000e+0, 3, 7, 
2023/07/24 16:15:47.551, 9.66915e+2, 0.00000e+0, 4.76487e+2, 0.00000e+0, 7.26591e+3, 0.00000e+0, 9.73992e+2, 0.00000e+0, 4.79975e+2, 0.00000e+0, 5.00705e+2, 0.00000e+0, 3.16489e+1, 0.00000e+0, 3.72249e+1, 0.00000e+0, 4.35576e+0, 0.00000e+0, 3.03175e+0, 0.00000e+0, 0.00000e+0, -2.98069e-1, 0.00000e+0, -4.91476e+0, 0.00000e+0, 9.80104e-2, 0.00000e+0, 5.12364e+0, 0.00000e+0, 9.06927e+1, 0.00000e+0, 2.00000e+1, 9.00000e+0, 3, 8, 
2023/07/24 16:15:57.657, 9.66579e+2, 0.00000e+0, 4.76923e+2, 0.00000e+0, 7.49812e+3, 0.00000e+0, 9.73881e+2, 0.00000e+0, 4.80526e+2, 0.00000e+0, 5.00723e+2, 0.00000e+0, 3.16933e+1, 0.00000e+0, 3.72408e+1, 0.00000e+0, 4.35433e+0, 0.00000e+0, 3.03202e+0, 0.00000e+0, 0.00000e+0, -2.98049e-1, 0.00000e+0, -4.91476e+0, 0.00000e+0, 9.89903e-2, 0.00000e+0, 5.12253e+0, 0.00000e+0, 9.06270e+1, 0.00000e+0, 2.00000e+1, 9.00000e+0, 3, 1, 
2023/07/24 16:16:07.856, 9.65804e+2, 0.00000e+0, 4.77830e+2, 0.00000e+0, 7.41991e+3, 0.00000e+0, 9.73024e+2, 0.00000e+0, 4.81402e+2, 0.00000e+0, 5.00739e+2, 0.00000e+0, 3.17404e+1, 0.00000e+0, 3.72408e+1, 0.00000e+0, 4.35608e+0, 0.00000e+0, 3.03177e+0, 0.00000e+0, 0.00000e+0, -2.98032e-1, 0.00000e+0, -4.91476e+0, 0.00000e+0, 9.80296e-2, 0.00000e+0, 5.12103e+0, 0.00000e+0, 9.05376e+1, 0.00000e+0, 2.00000e+1, 9.00000e+0, 3, 2, 
2023/07/24 16:16:17.964, 9.65545e+2, 0.00000e+0, 4.78237e+2, 0.00000e+0, 3.47190e+3, 0.00000e+0, 9.68909e+2, 0.00000e+0, 4.79903e+2, 0.00000e+0, 5.00713e+2, 0.00000e+0, 3.17837e+1, 0.00000e+0, 3.72508e+1, 0.00000e+0, 4.35601e+0, 0.00000e+0, 3.03186e+0, 0.00000e+0, 0.00000e+0, -2.98012e-1, 0.00000e+0, -4.91476e+0, 0.00000e+0, 9.89218e-2, 0.00000e+0, 5.11947e+0, 0.00000e+0, 9.04445e+1, 0.00000e+0, 2.00000e+1, 9.00000e+0, 3, 3, 
2023/07/24 16:16:28.156, 9.65043e+2, 0.00000e+0, 4.78608e+2, 0.00000e+0, 3.48307e+3, 0.00000e+0, 9.68417e+2, 0.00000e+0, 4.80281e+2, 0.00000e+0, 5.00662e+2, 0.00000e+0, 3.18293e+1, 0.00000e+0, 3.72691e+1, 0.00000e+0, 4.35550e+0, 0.00000e+0, 3.03165e+0, 0.00000e+0, 0.00000e+0, -2.97993e-1, 0.00000e+0, -4.91476e+0, 0.00000e+0, 9.81065e-2, 0.00000e+0, 5.11811e+0, 0.00000e+0, 9.03639e+1, 0.00000e+0, 2.00000e+1, 9.00000e+0, 3, 4, 
2023/07/24 16:16:38.265, 9.64597e+2, 0.00000e+0, 4.78692e+2, 0.00000e+0, 3.53224e+3, 0.00000e+0, 9.68016e+2, 0.00000e+0, 4.80389e+2, 0.00000e+0, 5.00652e+2, 0.00000e+0, 3.18758e+1, 0.00000e+0, 3.73115e+1, 0.00000e+0, 4.35470e+0, 0.00000e+0, 3.03181e+0, 0.00000e+0, 0.00000e+0, -2.97971e-1, 0.00000e+0, -4.91476e+0, 0.00000e+0, 9.89609e-2, 0.00000e+0, 5.11642e+0, 0.00000e+0, 9.02632e+1, 0.00000e+0, 2.00000e+1, 9.00000e+0, 3, 5, 
2023/07/24 16:16:48.459, 9.63665e+2, 0.00000e+0, 4.78642e+2, 0.00000e+0, 3.63030e+3, 0.00000e+0, 9.67176e+2, 0.00000e+0, 4.80386e+2, 0.00000e+0, 5.00642e+2, 0.00000e+0, 3.19219e+1, 0.00000e+0, 3.73403e+1, 0.00000e+0, 4.35289e+0, 0.00000e+0, 3.03191e+0, 0.00000e+0, 0.00000e+0, -2.97947e-1, 0.00000e+0, -4.91476e+0, 0.00000e+0, 9.81162e-2, 0.00000e+0, 5.11507e+0, 0.00000e+0, 9.01828e+1, 0.00000e+0, 2.00000e+1, 9.00000e+0, 3, 6, 
2023/07/24 16:16:58.569, 9.62399e+2, 0.00000e+0, 4.78290e+2, 0.00000e+0, 3.85723e+3, 0.00000e+0, 9.66126e+2, 0.00000e+0, 4.80142e+2, 0.00000e+0, 5.00690e+2, 0.00000e+0, 3.19624e+1, 0.00000e+0, 3.73843e+1, 0.00000e+0, 4.35231e+0, 0.00000e+0, 3.03191e+0, 0.00000e+0, 0.00000e+0, -2.97921e-1, 0.00000e+0, -4.91476e+0, 0.00000e+0, 9.88924e-2, 0.00000e+0, 5.11347e+0, 0.00000e+0, 9.00875e+1, 0.00000e+0, 2.00000e+1, 9.00000e+0, 3, 7, 
2023/07/24 16:17:08.759, 9.61691e+2, 0.00000e+0, 4.78264e+2, 0.00000e+0, 3.97207e+3, 0.00000e+0, 9.65526e+2, 0.00000e+0, 4.80171e+2, 0.00000e+0, 5.00708e+2, 0.00000e+0, 3.20115e+1, 0.00000e+0, 3.74402e+1, 0.00000e+0, 4.34957e+0, 0.00000e+0, 3.03156e+0, 0.00000e+0, 0.00000e+0, -2.97893e-1, 0.00000e+0, -4.91476e+0, 0.00000e+0, 9.81451e-2, 0.00000e+0, 5.11170e+0, 0.00000e+0, 8.99824e+1, 0.00000e+0, 2.00000e+1, 9.00000e+0, 3, 8, 
2023/07/24 16:17:18.873, 9.60834e+2, 0.00000e+0, 4.78276e+2, 0.00000e+0, 7.83935e+3, 0.00000e+0, 9.68425e+2, 0.00000e+0, 4.82055e+2, 0.00000e+0, 5.00716e+2, 0.00000e+0, 3.20595e+1, 0.00000e+0, 3.75061e+1, 0.00000e+0, 4.34953e+0, 0.00000e+0, 3.03164e+0, 0.00000e+0, 0.00000e+0, -2.97864e-1, 0.00000e+0, -4.91475e+0, 0.00000e+0, 9.87947e-2, 0.00000e+0, 5.11058e+0, 0.00000e+0, 8.99153e+1, 0.00000e+0, 2.00000e+1, 9.00000e+0, 3, 1, 
2023/07/24 16:17:29.057, 9.60171e+2, 0.00000e+0, 4.78706e+2, 0.00000e+0, 7.85247e+3, 0.00000e+0, 9.67770e+2, 0.00000e+0, 4.82495e+2, 0.00000e+0, 5.00694e+2, 0.00000e+0, 3.21014e+1, 0.00000e+0, 3.75405e+1, 0.00000e+0, 4.34847e+0, 0.00000e+0, 3.03202e+0, 0.00000e+0, 0.00000e+0, -2.97835e-1, 0.00000e+0, -4.91474e+0, 0.00000e+0, 9.82801e-2, 0.00000e+0, 5.10891e+0, 0.00000e+0, 8.98161e+1, 0.00000e+0, 2.00000e+1, 9.00000e+0, 3, 2, 
2023/07/24 16:17:39.178, 9.58905e+2, 0.00000e+0, 4.78917e+2, 0.00000e+0, 7.61316e+3, 0.00000e+0, 9.66261e+2, 0.00000e+0, 4.82591e+2, 0.00000e+0, 5.00676e+2, 0.00000e+0, 3.21448e+1, 0.00000e+0, 3.75733e+1, 0.00000e+0, 4.34770e+0, 0.00000e+0, 3.03168e+0, 0.00000e+0, 0.00000e+0, -2.97819e-1, 0.00000e+0, -4.91472e+0, 0.00000e+0, 9.87459e-2, 0.00000e+0, 5.10750e+0, 0.00000e+0, 8.97319e+1, 0.00000e+0, 2.00000e+1, 9.00000e+0, 3, 3, 
2023/07/24 16:17:49.356, 9.58464e+2, 0.00000e+0, 4.79100e+2, 0.00000e+0, 4.15535e+3, 0.00000e+0, 9.62464e+2, 0.00000e+0, 4.81099e+2, 0.00000e+0, 5.00650e+2, 0.00000e+0, 3.21857e+1, 0.00000e+0, 3.75936e+1, 0.00000e+0, 4.34509e+0, 0.00000e+0, 3.03158e+0, 0.00000e+0, 0.00000e+0, -2.97800e-1, 0.00000e+0, -4.91471e+0, 0.00000e+0, 9.82415e-2, 0.00000e+0, 5.10612e+0, 0.00000e+0, 8.96501e+1, 0.00000e+0, 2.00000e+1, 9.00000e+0, 3, 4, 
2023/07/24 16:17:59.555, 9.57756e+2, 0.00000e+0, 4.78844e+2, 0.00000e+0, 4.35528e+3, 0.00000e+0, 9.61946e+2, 0.00000e+0, 4.80938e+2, 0.00000e+0, 5.00648e+2, 0.00000e+0, 3.22310e+1, 0.00000e+0, 3.76272e+1, 0.00000e+0, 4.34335e+0, 0.00000e+0, 3.03164e+0, 0.00000e+0, 0.00000e+0, -2.97779e-1, 0.00000e+0, -4.91469e+0, 0.00000e+0, 9.80392e-2, 0.00000e+0, 5.10436e+0, 0.00000e+0, 8.95453e+1, 0.00000e+0, 2.00000e+1, 9.00000e+0, 3, 5, 
2023/07/24 16:18:09.655, 9.56851e+2, 0.00000e+0, 4.78945e+2, 0.00000e+0, 8.20155e+3, 0.00000e+0, 9.64764e+2, 0.00000e+0, 4.82906e+2, 0.00000e+0, 5.00669e+2, 0.00000e+0, 3.22726e+1, 0.00000e+0, 3.76603e+1, 0.00000e+0, 4.34272e+0, 0.00000e+0, 3.03161e+0, 0.00000e+0, 0.00000e+0, -2.97756e-1, 0.00000e+0, -4.91466e+0, 0.00000e+0, 9.90491e-2, 0.00000e+0, 5.10277e+0, 0.00000e+0, 8.94507e+1, 0.00000e+0, 2.00000e+1, 9.00000e+0, 3, 6, 
2023/07/24 16:18:19.855, 9.55406e+2, 0.00000e+0, 4.79515e+2, 0.00000e+0, 8.45833e+3, 0.00000e+0, 9.63556e+2, 0.00000e+0, 4.83606e+2, 0.00000e+0, 5.00692e+2, 0.00000e+0, 3.23177e+1, 0.00000e+0, 3.77017e+1, 0.00000e+0, 4.34330e+0, 0.00000e+0, 3.03155e+0, 0.00000e+0, 0.00000e+0, -2.97732e-1, 0.00000e+0, -4.91466e+0, 0.00000e+0, 9.80873e-2, 0.00000e+0, 5.10155e+0, 0.00000e+0, 8.93781e+1, 0.00000e+0, 2.00000e+1, 9.00000e+0, 3, 7, 
2023/07/24 16:18:29.961, 9.54324e+2, 0.00000e+0, 4.79758e+2, 0.00000e+0, 8.76243e+3, 0.00000e+0, 9.62760e+2, 0.00000e+0, 4.83999e+2, 0.00000e+0, 5.00700e+2, 0.00000e+0, 3.23621e+1, 0.00000e+0, 3.77376e+1, 0.00000e+0, 4.34335e+0, 0.00000e+0, 3.03150e+0, 0.00000e+0, 0.00000e+0, -2.97707e-1, 0.00000e+0, -4.91466e+0, 0.00000e+0, 9.89315e-2, 0.00000e+0, 5.09972e+0, 0.00000e+0, 8.92689e+1, 0.00000e+0, 2.00000e+1, 9.00000e+0, 3, 8, 
2023/07/24 16:18:40.155, 9.53877e+2, 0.00000e+0, 4.80580e+2, 0.00000e+0, 9.07546e+3, 0.00000e+0, 9.62613e+2, 0.00000e+0, 4.84982e+2, 0.00000e+0, 5.00684e+2, 0.00000e+0, 3.24058e+1, 0.00000e+0, 3.77791e+1, 0.00000e+0, 4.34145e+0, 0.00000e+0, 3.03137e+0, 0.00000e+0, 0.00000e+0, -2.97679e-1, 0.00000e+0, -4.91465e+0, 0.00000e+0, 9.80969e-2, 0.00000e+0, 5.09817e+0, 0.00000e+0, 8.91767e+1, 0.00000e+0, 2.00000e+1, 9.00000e+0, 3, 1, 
2023/07/24 16:18:50.263, 9.53068e+2, 0.00000e+0, 4.81039e+2, 0.00000e+0, 9.27171e+3, 0.00000e+0, 9.61987e+2, 0.00000e+0, 4.85541e+2, 0.00000e+0, 5.00664e+2, 0.00000e+0, 3.24471e+1, 0.00000e+0, 3.78142e+1, 0.00000e+0, 4.34116e+0, 0.00000e+0, 3.03169e+0, 0.00000e+0, 0.00000e+0, -2.97649e-1, 0.00000e+0, -4.91464e+0, 0.00000e+0, 9.89022e-2, 0.00000e+0, 5.09659e+0, 0.00000e+0, 8.90829e+1, 0.00000e+0, 2.00000e+1, 1.70000e+1, 3, 2, 
2023/07/24 16:19:00.454, 9.52698e+2, 0.00000e+0, 4.82081e+2, 0.00000e+0, 6.02136e+3, 0.00000e+0, 9.58469e+2, 0.00000e+0, 4.85001e+2, 0.00000e+0, 5.00650e+2, 0.00000e+0, 3.24885e+1, 0.00000e+0, 3.78193e+1, 0.00000e+0, 4.34100e+0, 0.00000e+0, 3.03119e+0, 0.00000e+0, 0.00000e+0, -2.97615e-1, 0.00000e+0, -4.91463e+0, 0.00000e+0, 9.82029e-2, 0.00000e+0, 5.09482e+0, 0.00000e+0, 8.89775e+1, 0.00000e+0, 2.00000e+1, 1.70000e+1, 3, 3, 
2023/07/24 16:19:10.567, 9.51999e+2, 0.00000e+0, 4.82237e+2, 0.00000e+0, 6.07015e+3, 0.00000e+0, 9.57813e+2, 0.00000e+0, 4.85182e+2, 0.00000e+0, 5.00634e+2, 0.00000e+0, 3.25275e+1, 0.00000e+0, 3.78300e+1, 0.00000e+0, 4.34190e+0, 0.00000e+0, 3.03176e+0, 0.00000e+0, 0.00000e+0, -2.97579e-1, 0.00000e+0, -4.91462e+0, 0.00000e+0, 9.88533e-2, 0.00000e+0, 5.09340e+0, 0.00000e+0, 8.88927e+1, 0.00000e+0, 2.00000e+1, 1.70000e+1, 3, 4, 
2023/07/24 16:19:20.755, 9.51204e+2, 0.00000e+0, 4.82604e+2, 0.00000e+0, 6.13429e+3, 0.00000e+0, 9.57075e+2, 0.00000e+0, 4.85582e+2, 0.00000e+0, 5.00675e+2, 0.00000e+0, 3.25699e+1, 0.00000e+0, 3.78592e+1, 0.00000e+0, 4.34168e+0, 0.00000e+0, 3.03133e+0, 0.00000e+0, 0.00000e+0, -2.97541e-1, 0.00000e+0, -4.91460e+0, 0.00000e+0, 9.81740e-2, 0.00000e+0, 5.09153e+0, 0.00000e+0, 8.87817e+1, 0.00000e+0, 2.00000e+1, 1.70000e+1, 3, 5, 
2023/07/24 16:19:30.871, 9.50844e+2, 0.00000e+0, 4.82917e+2, 0.00000e+0, 6.17128e+3, 0.00000e+0, 9.56748e+2, 0.00000e+0, 4.85916e+2, 0.00000e+0, 5.00681e+2, 0.00000e+0, 3.26111e+1, 0.00000e+0, 3.78822e+1, 0.00000e+0, 4.33932e+0, 0.00000e+0, 3.03115e+0, 0.00000e+0, 0.00000e+0, -2.97503e-1, 0.00000e+0, -4.91459e+0, 0.00000e+0, 9.88435e-2, 0.00000e+0, 5.08984e+0, 0.00000e+0, 8.86809e+1, 0.00000e+0, 2.00000e+1, 1.70000e+1, 3, 6, 
2023/07/24 16:19:41.058, 9.49121e+2, 0.00000e+0, 4.83534e+2, 0.00000e+0, 5.88969e+3, 0.00000e+0, 9.54744e+2, 0.00000e+0, 4.86399e+2, 0.00000e+0, 5.00687e+2, 0.00000e+0, 3.26511e+1, 0.00000e+0, 3.78663e+1, 0.00000e+0, 4.34171e+0, 0.00000e+0, 3.03129e+0, 0.00000e+0, 0.00000e+0, -2.97480e-1, 0.00000e+0, -4.91458e+0, 0.00000e+0, 9.81740e-2, 0.00000e+0, 5.08789e+0, 0.00000e+0, 8.85648e+1, 0.00000e+0, 2.00000e+1, 1.70000e+1, 3, 7, 
2023/07/24 16:19:51.175, 9.48249e+2, 0.00000e+0, 4.83958e+2, 0.00000e+0, 5.95876e+3, 0.00000e+0, 9.53933e+2, 0.00000e+0, 4.86859e+2, 0.00000e+0, 5.00665e+2, 0.00000e+0, 3.26905e+1, 0.00000e+0, 3.78687e+1, 0.00000e+0, 4.34211e+0, 0.00000e+0, 3.03117e+0, 0.00000e+0, 0.00000e+0, -2.97456e-1, 0.00000e+0, -4.91457e+0, 0.00000e+0, 9.88338e-2, 0.00000e+0, 5.08590e+0, 0.00000e+0, 8.84467e+1, 0.00000e+0, 2.00000e+1, 1.70000e+1, 3, 8, 
2023/07/24 16:20:01.360, 9.48268e+2, 0.00000e+0, 4.84052e+2, 0.00000e+0, 6.00331e+3, 0.00000e+0, 9.53995e+2, 0.00000e+0, 4.86976e+2, 0.00000e+0, 5.00619e+2, 0.00000e+0, 3.27350e+1, 0.00000e+0, 3.78758e+1, 0.00000e+0, 4.33858e+0, 0.00000e+0, 3.03097e+0, 0.00000e+0, 0.00000e+0, -2.97429e-1, 0.00000e+0, -4.91455e+0, 0.00000e+0, 9.82029e-2, 0.00000e+0, 5.08450e+0, 0.00000e+0, 8.83631e+1, 0.00000e+0, 2.00000e+1, 1.70000e+1, 3, 1, 

