SN:3K430000012749 BD:Apr 19 2021 VC:7d9ffae MD5:34e03199e6006f2831fb02c414d62259
                     Time,      [CH4]_ppm,   [CH4]_ppm_sd,      [CO2]_ppm,   [CO2]_ppm_sd,      [H2O]_ppm,   [H2O]_ppm_sd,     [CH4]d_ppm,  [CH4]d_ppm_sd,     [CO2]d_ppm,  [CO2]d_ppm_sd,      GasP_torr,   GasP_torr_sd,         GasT_C,      GasT_C_sd,         AmbT_C,      AmbT_C_sd,         RD0_us,      RD0_us_sd,         RD1_us,      RD1_us_sd,     RD0_raw_us,         LTC0_v,      LTC0_v_sd,         LTC1_v,      LTC1_v_sd,             HZ,          HZ_sd,         Batt_v,      Batt_v_sd,        BattPer,     BattPer_sd, Temp_Status_mA,Analyzer_Status_mA,       Fit_Flag,      MIU_VALVE,       MIU_DESC
2023/07/24 22:20:33.561, 7.63807e+1, 0.00000e+0, 5.54369e+2, 0.00000e+0, 5.53394e+4, 0.00000e+0, 8.08551e+1, 0.00000e+0, 5.86845e+2, 0.00000e+0, 5.00262e+2, 0.00000e+0, 3.94196e+1, 0.00000e+0, 4.15330e+1, 0.00000e+0, 3.48502e+0, 0.00000e+0, 3.03228e+0, 0.00000e+0, 0.00000e+0, -2.94846e-1, 0.00000e+0, -4.91076e+0, 0.00000e+0, 9.89707e-2, 0.00000e+0, 4.68015e+0, 0.00000e+0, 6.42945e+1, 0.00000e+0, 2.00000e+1, 2.00000e+1, 3, 1, 
2023/07/24 22:20:43.760, 7.63047e+1, 0.00000e+0, 5.54402e+2, 0.00000e+0, 5.53321e+4, 0.00000e+0, 8.07741e+1, 0.00000e+0, 5.86875e+2, 0.00000e+0, 5.00272e+2, 0.00000e+0, 3.94142e+1, 0.00000e+0, 4.15641e+1, 0.00000e+0, 3.48496e+0, 0.00000e+0, 3.03229e+0, 0.00000e+0, 0.00000e+0, -2.94846e-1, 0.00000e+0, -4.91076e+0, 0.00000e+0, 9.80488e-2, 0.00000e+0, 4.67872e+0, 0.00000e+0, 6.42096e+1, 0.00000e+0, 2.00000e+1, 2.00000e+1, 3, 2, 
2023/07/24 22:20:53.865, 7.62254e+1, 0.00000e+0, 5.54461e+2, 0.00000e+0, 5.52392e+4, 0.00000e+0, 8.06822e+1, 0.00000e+0, 5.86880e+2, 0.00000e+0, 5.00315e+2, 0.00000e+0, 3.94093e+1, 0.00000e+0, 4.15721e+1, 0.00000e+0, 3.48499e+0, 0.00000e+0, 3.03250e+0, 0.00000e+0, 0.00000e+0, -2.94846e-1, 0.00000e+0, -4.91076e+0, 0.00000e+0, 9.89413e-2, 0.00000e+0, 4.67736e+0, 0.00000e+0, 6.41288e+1, 0.00000e+0, 2.00000e+1, 2.00000e+1, 3, 3, 
2023/07/24 22:21:04.056, 7.61767e+1, 0.00000e+0, 5.54865e+2, 0.00000e+0, 5.50476e+4, 0.00000e+0, 8.06144e+1, 0.00000e+0, 5.87189e+2, 0.00000e+0, 5.00313e+2, 0.00000e+0, 3.94038e+1, 0.00000e+0, 4.15765e+1, 0.00000e+0, 3.48499e+0, 0.00000e+0, 3.03238e+0, 0.00000e+0, 0.00000e+0, -2.94846e-1, 0.00000e+0, -4.91076e+0, 0.00000e+0, 9.81547e-2, 0.00000e+0, 4.67552e+0, 0.00000e+0, 6.40191e+1, 0.00000e+0, 2.00000e+1, 2.00000e+1, 3, 4, 
2023/07/24 22:21:14.170, 7.61495e+1, 0.00000e+0, 5.55282e+2, 0.00000e+0, 5.48123e+4, 0.00000e+0, 8.05654e+1, 0.00000e+0, 5.87483e+2, 0.00000e+0, 5.00330e+2, 0.00000e+0, 3.93983e+1, 0.00000e+0, 4.15667e+1, 0.00000e+0, 3.48437e+0, 0.00000e+0, 3.03238e+0, 0.00000e+0, 0.00000e+0, -2.94846e-1, 0.00000e+0, -4.91075e+0, 0.00000e+0, 9.88240e-2, 0.00000e+0, 4.67366e+0, 0.00000e+0, 6.39085e+1, 0.00000e+0, 2.00000e+1, 2.00000e+1, 3, 5, 
2023/07/24 22:21:24.359, 7.60996e+1, 0.00000e+0, 5.55571e+2, 0.00000e+0, 5.46155e+4, 0.00000e+0, 8.04959e+1, 0.00000e+0, 5.87667e+2, 0.00000e+0, 5.00303e+2, 0.00000e+0, 3.93878e+1, 0.00000e+0, 4.15615e+1, 0.00000e+0, 3.48434e+0, 0.00000e+0, 3.03267e+0, 0.00000e+0, 0.00000e+0, -2.94846e-1, 0.00000e+0, -4.91075e+0, 0.00000e+0, 9.82029e-2, 0.00000e+0, 4.67235e+0, 0.00000e+0, 6.38303e+1, 0.00000e+0, 2.00000e+1, 2.00000e+1, 3, 6, 
2023/07/24 22:21:34.474, 7.60505e+1, 0.00000e+0, 5.55993e+2, 0.00000e+0, 5.43867e+4, 0.00000e+0, 8.04246e+1, 0.00000e+0, 5.87971e+2, 0.00000e+0, 5.00248e+2, 0.00000e+0, 3.93857e+1, 0.00000e+0, 4.15581e+1, 0.00000e+0, 3.48503e+0, 0.00000e+0, 3.03263e+0, 0.00000e+0, 0.00000e+0, -2.94846e-1, 0.00000e+0, -4.91075e+0, 0.00000e+0, 9.88142e-2, 0.00000e+0, 4.67078e+0, 0.00000e+0, 6.37369e+1, 0.00000e+0, 2.00000e+1, 2.00000e+1, 3, 7, 
2023/07/24 22:21:44.663, 7.60017e+1, 0.00000e+0, 5.56516e+2, 0.00000e+0, 5.41363e+4, 0.00000e+0, 8.03516e+1, 0.00000e+0, 5.88368e+2, 0.00000e+0, 5.00241e+2, 0.00000e+0, 3.93792e+1, 0.00000e+0, 4.15766e+1, 0.00000e+0, 3.48463e+0, 0.00000e+0, 3.03271e+0, 0.00000e+0, 0.00000e+0, -2.94846e-1, 0.00000e+0, -4.91074e+0, 0.00000e+0, 9.81354e-2, 0.00000e+0, 4.66958e+0, 0.00000e+0, 6.36652e+1, 0.00000e+0, 2.00000e+1, 2.00000e+1, 3, 8, 
2023/07/24 22:21:54.779, 7.59422e+1, 0.00000e+0, 5.56660e+2, 0.00000e+0, 5.39563e+4, 0.00000e+0, 8.02735e+1, 0.00000e+0, 5.88409e+2, 0.00000e+0, 5.00261e+2, 0.00000e+0, 3.93747e+1, 0.00000e+0, 4.15826e+1, 0.00000e+0, 3.48498e+0, 0.00000e+0, 3.03286e+0, 0.00000e+0, 0.00000e+0, -2.94846e-1, 0.00000e+0, -4.91073e+0, 0.00000e+0, 9.87947e-2, 0.00000e+0, 4.66896e+0, 0.00000e+0, 6.36283e+1, 0.00000e+0, 2.00000e+1, 2.00000e+1, 3, 1, 
2023/07/24 22:22:04.966, 7.58543e+1, 0.00000e+0, 5.56653e+2, 0.00000e+0, 5.39874e+4, 0.00000e+0, 8.01832e+1, 0.00000e+0, 5.88420e+2, 0.00000e+0, 5.00306e+2, 0.00000e+0, 3.93703e+1, 0.00000e+0, 4.15597e+1, 0.00000e+0, 3.48502e+0, 0.00000e+0, 3.03289e+0, 0.00000e+0, 0.00000e+0, -2.94846e-1, 0.00000e+0, -4.91072e+0, 0.00000e+0, 9.81836e-2, 0.00000e+0, 4.66737e+0, 0.00000e+0, 6.35340e+1, 0.00000e+0, 2.00000e+1, 2.00000e+1, 3, 2, 
2023/07/24 22:22:15.082, 7.57702e+1, 0.00000e+0, 5.56511e+2, 0.00000e+0, 5.39911e+4, 0.00000e+0, 8.00946e+1, 0.00000e+0, 5.88272e+2, 0.00000e+0, 5.00330e+2, 0.00000e+0, 3.93658e+1, 0.00000e+0, 4.15768e+1, 0.00000e+0, 3.48511e+0, 0.00000e+0, 3.03301e+0, 0.00000e+0, 0.00000e+0, -2.94846e-1, 0.00000e+0, -4.91073e+0, 0.00000e+0, 9.88924e-2, 0.00000e+0, 4.66626e+0, 0.00000e+0, 6.34676e+1, 0.00000e+0, 2.00000e+1, 2.00000e+1, 3, 3, 
2023/07/24 22:22:25.264, 7.57095e+1, 0.00000e+0, 5.56739e+2, 0.00000e+0, 5.39636e+4, 0.00000e+0, 8.00282e+1, 0.00000e+0, 5.88496e+2, 0.00000e+0, 5.00318e+2, 0.00000e+0, 3.93557e+1, 0.00000e+0, 4.15754e+1, 0.00000e+0, 3.48503e+0, 0.00000e+0, 3.03313e+0, 0.00000e+0, 0.00000e+0, -2.94846e-1, 0.00000e+0, -4.91074e+0, 0.00000e+0, 9.82801e-2, 0.00000e+0, 4.66459e+0, 0.00000e+0, 6.33685e+1, 0.00000e+0, 2.00000e+1, 2.00000e+1, 3, 4, 
2023/07/24 22:22:35.462, 7.56810e+1, 0.00000e+0, 5.57032e+2, 0.00000e+0, 5.37357e+4, 0.00000e+0, 7.99788e+1, 0.00000e+0, 5.88664e+2, 0.00000e+0, 5.00286e+2, 0.00000e+0, 3.93535e+1, 0.00000e+0, 4.15803e+1, 0.00000e+0, 3.48513e+0, 0.00000e+0, 3.03338e+0, 0.00000e+0, 0.00000e+0, -2.94846e-1, 0.00000e+0, -4.91076e+0, 0.00000e+0, 9.79528e-2, 0.00000e+0, 4.66319e+0, 0.00000e+0, 6.32853e+1, 0.00000e+0, 2.00000e+1, 2.00000e+1, 3, 5, 
2023/07/24 22:22:45.559, 7.56116e+1, 0.00000e+0, 5.57227e+2, 0.00000e+0, 5.36479e+4, 0.00000e+0, 7.98979e+1, 0.00000e+0, 5.88816e+2, 0.00000e+0, 5.00233e+2, 0.00000e+0, 3.93468e+1, 0.00000e+0, 4.15613e+1, 0.00000e+0, 3.48489e+0, 0.00000e+0, 3.03345e+0, 0.00000e+0, 0.00000e+0, -2.94846e-1, 0.00000e+0, -4.91076e+0, 0.00000e+0, 9.90982e-2, 0.00000e+0, 4.66160e+0, 0.00000e+0, 6.31903e+1, 0.00000e+0, 2.00000e+1, 2.00000e+1, 3, 6, 
2023/07/24 22:22:55.761, 7.55380e+1, 0.00000e+0, 5.56888e+2, 0.00000e+0, 5.36459e+4, 0.00000e+0, 7.98200e+1, 0.00000e+0, 5.88456e+2, 0.00000e+0, 5.00213e+2, 0.00000e+0, 3.93407e+1, 0.00000e+0, 4.15542e+1, 0.00000e+0, 3.48479e+0, 0.00000e+0, 3.03363e+0, 0.00000e+0, 0.00000e+0, -2.94846e-1, 0.00000e+0, -4.91076e+0, 0.00000e+0, 9.80104e-2, 0.00000e+0, 4.66056e+0, 0.00000e+0, 6.31287e+1, 0.00000e+0, 2.00000e+1, 2.00000e+1, 3, 7, 
2023/07/24 22:23:05.863, 7.54798e+1, 0.00000e+0, 5.57176e+2, 0.00000e+0, 5.35614e+4, 0.00000e+0, 7.97514e+1, 0.00000e+0, 5.88708e+2, 0.00000e+0, 5.00246e+2, 0.00000e+0, 3.93398e+1, 0.00000e+0, 4.15633e+1, 0.00000e+0, 3.48477e+0, 0.00000e+0, 3.03334e+0, 0.00000e+0, 0.00000e+0, -2.94846e-1, 0.00000e+0, -4.91076e+0, 0.00000e+0, 9.90197e-2, 0.00000e+0, 4.65923e+0, 0.00000e+0, 6.30497e+1, 0.00000e+0, 2.00000e+1, 2.00000e+1, 3, 8, 
2023/07/24 22:23:16.061, 7.53809e+1, 0.00000e+0, 5.56885e+2, 0.00000e+0, 5.37213e+4, 0.00000e+0, 7.96604e+1, 0.00000e+0, 5.88500e+2, 0.00000e+0, 5.00290e+2, 0.00000e+0, 3.93297e+1, 0.00000e+0, 4.15543e+1, 0.00000e+0, 3.48469e+0, 0.00000e+0, 3.03332e+0, 0.00000e+0, 0.00000e+0, -2.94846e-1, 0.00000e+0, -4.91076e+0, 0.00000e+0, 9.80584e-2, 0.00000e+0, 4.65798e+0, 0.00000e+0, 6.29748e+1, 0.00000e+0, 2.00000e+1, 2.00000e+1, 3, 1, 
2023/07/24 22:23:26.167, 7.52979e+1, 0.00000e+0, 5.56875e+2, 0.00000e+0, 5.37109e+4, 0.00000e+0, 7.95717e+1, 0.00000e+0, 5.88483e+2, 0.00000e+0, 5.00303e+2, 0.00000e+0, 3.93234e+1, 0.00000e+0, 4.15464e+1, 0.00000e+0, 3.48490e+0, 0.00000e+0, 3.03344e+0, 0.00000e+0, 0.00000e+0, -2.94846e-1, 0.00000e+0, -4.91076e+0, 0.00000e+0, 9.89511e-2, 0.00000e+0, 4.65630e+0, 0.00000e+0, 6.28752e+1, 0.00000e+0, 2.00000e+1, 2.00000e+1, 3, 2, 
2023/07/24 22:23:36.361, 7.52398e+1, 0.00000e+0, 5.57111e+2, 0.00000e+0, 5.36244e+4, 0.00000e+0, 7.95031e+1, 0.00000e+0, 5.88679e+2, 0.00000e+0, 5.00313e+2, 0.00000e+0, 3.93209e+1, 0.00000e+0, 4.15411e+1, 0.00000e+0, 3.48463e+0, 0.00000e+0, 3.03365e+0, 0.00000e+0, 0.00000e+0, -2.94846e-1, 0.00000e+0, -4.91076e+0, 0.00000e+0, 9.81643e-2, 0.00000e+0, 4.65503e+0, 0.00000e+0, 6.27992e+1, 0.00000e+0, 2.00000e+1, 2.00000e+1, 3, 3, 
2023/07/24 22:23:46.471, 7.51874e+1, 0.00000e+0, 5.57302e+2, 0.00000e+0, 5.35503e+4, 0.00000e+0, 7.94415e+1, 0.00000e+0, 5.88834e+2, 0.00000e+0, 5.00284e+2, 0.00000e+0, 3.93166e+1, 0.00000e+0, 4.15361e+1, 0.00000e+0, 3.48465e+0, 0.00000e+0, 3.03373e+0, 0.00000e+0, 0.00000e+0, -2.94846e-1, 0.00000e+0, -4.91076e+0, 0.00000e+0, 9.89022e-2, 0.00000e+0, 4.65358e+0, 0.00000e+0, 6.27129e+1, 0.00000e+0, 2.00000e+1, 2.00000e+1, 3, 4, 
2023/07/24 22:23:56.661, 7.51270e+1, 0.00000e+0, 5.57211e+2, 0.00000e+0, 5.34875e+4, 0.00000e+0, 7.93724e+1, 0.00000e+0, 5.88699e+2, 0.00000e+0, 5.00252e+2, 0.00000e+0, 3.93114e+1, 0.00000e+0, 4.15522e+1, 0.00000e+0, 3.48454e+0, 0.00000e+0, 3.03407e+0, 0.00000e+0, 0.00000e+0, -2.94846e-1, 0.00000e+0, -4.91074e+0, 0.00000e+0, 9.81065e-2, 0.00000e+0, 4.65236e+0, 0.00000e+0, 6.26407e+1, 0.00000e+0, 2.00000e+1, 2.00000e+1, 3, 5, 
2023/07/24 22:24:06.776, 7.49722e+1, 0.00000e+0, 5.56086e+2, 0.00000e+0, 5.43987e+4, 0.00000e+0, 7.92852e+1, 0.00000e+0, 5.88077e+2, 0.00000e+0, 5.00251e+2, 0.00000e+0, 3.93092e+1, 0.00000e+0, 4.15432e+1, 0.00000e+0, 3.48417e+0, 0.00000e+0, 3.03369e+0, 0.00000e+0, 0.00000e+0, -2.94846e-1, 0.00000e+0, -4.91073e+0, 0.00000e+0, 9.88240e-2, 0.00000e+0, 4.65079e+0, 0.00000e+0, 6.25473e+1, 0.00000e+0, 2.00000e+1, 2.00000e+1, 3, 6, 
2023/07/24 22:24:16.958, 7.47675e+1, 0.00000e+0, 5.54046e+2, 0.00000e+0, 5.58381e+4, 0.00000e+0, 7.91892e+1, 0.00000e+0, 5.86813e+2, 0.00000e+0, 5.00258e+2, 0.00000e+0, 3.93046e+1, 0.00000e+0, 4.15556e+1, 0.00000e+0, 3.48335e+0, 0.00000e+0, 3.03325e+0, 0.00000e+0, 0.00000e+0, -2.94846e-1, 0.00000e+0, -4.91072e+0, 0.00000e+0, 9.82318e-2, 0.00000e+0, 4.64945e+0, 0.00000e+0, 6.24675e+1, 0.00000e+0, 2.00000e+1, 2.00000e+1, 3, 7, 
2023/07/24 22:24:27.080, 7.47313e+1, 0.00000e+0, 5.54862e+2, 0.00000e+0, 5.56441e+4, 0.00000e+0, 7.91347e+1, 0.00000e+0, 5.87556e+2, 0.00000e+0, 5.00299e+2, 0.00000e+0, 3.93000e+1, 0.00000e+0, 4.15600e+1, 0.00000e+0, 3.48312e+0, 0.00000e+0, 3.03340e+0, 0.00000e+0, 0.00000e+0, -2.94846e-1, 0.00000e+0, -4.91071e+0, 0.00000e+0, 9.87947e-2, 0.00000e+0, 4.64796e+0, 0.00000e+0, 6.23783e+1, 0.00000e+0, 2.00000e+1, 2.00000e+1, 3, 8, 
2023/07/24 22:24:37.260, 7.46792e+1, 0.00000e+0, 5.55187e+2, 0.00000e+0, 5.54371e+4, 0.00000e+0, 7.90622e+1, 0.00000e+0, 5.87771e+2, 0.00000e+0, 5.00310e+2, 0.00000e+0, 3.92883e+1, 0.00000e+0, 4.15660e+1, 0.00000e+0, 3.48315e+0, 0.00000e+0, 3.03332e+0, 0.00000e+0, 0.00000e+0, -2.94846e-1, 0.00000e+0, -4.91072e+0, 0.00000e+0, 9.82801e-2, 0.00000e+0, 4.64658e+0, 0.00000e+0, 6.22962e+1, 0.00000e+0, 2.00000e+1, 2.00000e+1, 3, 1, 
2023/07/24 22:24:47.384, 7.46467e+1, 0.00000e+0, 5.55905e+2, 0.00000e+0, 5.51003e+4, 0.00000e+0, 7.89996e+1, 0.00000e+0, 5.88322e+2, 0.00000e+0, 5.00294e+2, 0.00000e+0, 3.92827e+1, 0.00000e+0, 4.15782e+1, 0.00000e+0, 3.48338e+0, 0.00000e+0, 3.03321e+0, 0.00000e+0, 0.00000e+0, -2.94846e-1, 0.00000e+0, -4.91073e+0, 0.00000e+0, 9.87459e-2, 0.00000e+0, 4.64504e+0, 0.00000e+0, 6.22050e+1, 0.00000e+0, 2.00000e+1, 2.00000e+1, 3, 2, 
2023/07/24 22:24:57.563, 7.45763e+1, 0.00000e+0, 5.55991e+2, 0.00000e+0, 5.51948e+4, 0.00000e+0, 7.89330e+1, 0.00000e+0, 5.88471e+2, 0.00000e+0, 5.00274e+2, 0.00000e+0, 3.92773e+1, 0.00000e+0, 4.15578e+1, 0.00000e+0, 3.48324e+0, 0.00000e+0, 3.03337e+0, 0.00000e+0, 0.00000e+0, -2.94846e-1, 0.00000e+0, -4.91075e+0, 0.00000e+0, 9.82029e-2, 0.00000e+0, 4.64382e+0, 0.00000e+0, 6.21321e+1, 0.00000e+0, 2.00000e+1, 2.00000e+1, 3, 3, 
2023/07/24 22:25:07.759, 7.45496e+1, 0.00000e+0, 5.56654e+2, 0.00000e+0, 5.49629e+4, 0.00000e+0, 7.88854e+1, 0.00000e+0, 5.89028e+2, 0.00000e+0, 5.00241e+2, 0.00000e+0, 3.92736e+1, 0.00000e+0, 4.15536e+1, 0.00000e+0, 3.48331e+0, 0.00000e+0, 3.03347e+0, 0.00000e+0, 0.00000e+0, -2.94846e-1, 0.00000e+0, -4.91075e+0, 0.00000e+0, 9.81547e-2, 0.00000e+0, 4.64208e+0, 0.00000e+0, 6.20283e+1, 0.00000e+0, 2.00000e+1, 2.00000e+1, 3, 4, 
2023/07/24 22:25:17.864, 7.45142e+1, 0.00000e+0, 5.57273e+2, 0.00000e+0, 5.47140e+4, 0.00000e+0, 7.88272e+1, 0.00000e+0, 5.89528e+2, 0.00000e+0, 5.00226e+2, 0.00000e+0, 3.92700e+1, 0.00000e+0, 4.15135e+1, 0.00000e+0, 3.48335e+0, 0.00000e+0, 3.03333e+0, 0.00000e+0, 0.00000e+0, -2.94846e-1, 0.00000e+0, -4.91075e+0, 0.00000e+0, 9.88631e-2, 0.00000e+0, 4.64102e+0, 0.00000e+0, 6.19652e+1, 0.00000e+0, 2.00000e+1, 2.00000e+1, 3, 5, 
2023/07/24 22:25:28.061, 7.44523e+1, 0.00000e+0, 5.57454e+2, 0.00000e+0, 5.45950e+4, 0.00000e+0, 7.87517e+1, 0.00000e+0, 5.89645e+2, 0.00000e+0, 5.00234e+2, 0.00000e+0, 3.92660e+1, 0.00000e+0, 4.14413e+1, 0.00000e+0, 3.48359e+0, 0.00000e+0, 3.03363e+0, 0.00000e+0, 0.00000e+0, -2.94846e-1, 0.00000e+0, -4.91075e+0, 0.00000e+0, 9.81547e-2, 0.00000e+0, 4.63973e+0, 0.00000e+0, 6.18888e+1, 0.00000e+0, 2.00000e+1, 2.00000e+1, 3, 6, 
2023/07/24 22:25:38.161, 7.43910e+1, 0.00000e+0, 5.57937e+2, 0.00000e+0, 5.44500e+4, 0.00000e+0, 7.86748e+1, 0.00000e+0, 5.90066e+2, 0.00000e+0, 5.00276e+2, 0.00000e+0, 3.92592e+1, 0.00000e+0, 4.14321e+1, 0.00000e+0, 3.48364e+0, 0.00000e+0, 3.03381e+0, 0.00000e+0, 0.00000e+0, -2.94846e-1, 0.00000e+0, -4.91075e+0, 0.00000e+0, 9.90197e-2, 0.00000e+0, 4.63789e+0, 0.00000e+0, 6.17793e+1, 0.00000e+0, 2.00000e+1, 2.00000e+1, 3, 7, 
2023/07/24 22:25:48.360, 7.43540e+1, 0.00000e+0, 5.58360e+2, 0.00000e+0, 5.42402e+4, 0.00000e+0, 7.86183e+1, 0.00000e+0, 5.90383e+2, 0.00000e+0, 5.00301e+2, 0.00000e+0, 3.92555e+1, 0.00000e+0, 4.14525e+1, 0.00000e+0, 3.48339e+0, 0.00000e+0, 3.03378e+0, 0.00000e+0, 0.00000e+0, -2.94846e-1, 0.00000e+0, -4.91075e+0, 0.00000e+0, 9.80777e-2, 0.00000e+0, 4.63626e+0, 0.00000e+0, 6.16821e+1, 0.00000e+0, 2.00000e+1, 2.00000e+1, 3, 8, 
2023/07/24 22:25:58.461, 7.43084e+1, 0.00000e+0, 5.59012e+2, 0.00000e+0, 5.39611e+4, 0.00000e+0, 7.85469e+1, 0.00000e+0, 5.90898e+2, 0.00000e+0, 5.00306e+2, 0.00000e+0, 3.92492e+1, 0.00000e+0, 4.14518e+1, 0.00000e+0, 3.48342e+0, 0.00000e+0, 3.03380e+0, 0.00000e+0, 0.00000e+0, -2.94846e-1, 0.00000e+0, -4.91075e+0, 0.00000e+0, 9.90393e-2, 0.00000e+0, 4.63495e+0, 0.00000e+0, 6.16042e+1, 0.00000e+0, 2.00000e+1, 2.00000e+1, 3, 1, 
2023/07/24 22:26:08.658, 7.42743e+1, 0.00000e+0, 5.59295e+2, 0.00000e+0, 5.36956e+4, 0.00000e+0, 7.84888e+1, 0.00000e+0, 5.91031e+2, 0.00000e+0, 5.00268e+2, 0.00000e+0, 3.92477e+1, 0.00000e+0, 4.14691e+1, 0.00000e+0, 3.48325e+0, 0.00000e+0, 3.03346e+0, 0.00000e+0, 0.00000e+0, -2.94846e-1, 0.00000e+0, -4.91075e+0, 0.00000e+0, 9.80200e-2, 0.00000e+0, 4.63309e+0, 0.00000e+0, 6.14936e+1, 0.00000e+0, 2.00000e+1, 2.00000e+1, 3, 2, 
2023/07/24 22:26:18.766, 7.42303e+1, 0.00000e+0, 5.59460e+2, 0.00000e+0, 5.34600e+4, 0.00000e+0, 7.84227e+1, 0.00000e+0, 5.91058e+2, 0.00000e+0, 5.00225e+2, 0.00000e+0, 3.92468e+1, 0.00000e+0, 4.14750e+1, 0.00000e+0, 3.48354e+0, 0.00000e+0, 3.03383e+0, 0.00000e+0, 0.00000e+0, -2.94846e-1, 0.00000e+0, -4.91075e+0, 0.00000e+0, 9.89218e-2, 0.00000e+0, 4.63198e+0, 0.00000e+0, 6.14273e+1, 0.00000e+0, 2.00000e+1, 2.00000e+1, 3, 3, 
2023/07/24 22:26:28.958, 7.40978e+1, 0.00000e+0, 5.58767e+2, 0.00000e+0, 5.40547e+4, 0.00000e+0, 7.83320e+1, 0.00000e+0, 5.90697e+2, 0.00000e+0, 5.00188e+2, 0.00000e+0, 3.92441e+1, 0.00000e+0, 4.14501e+1, 0.00000e+0, 3.48319e+0, 0.00000e+0, 3.03328e+0, 0.00000e+0, 0.00000e+0, -2.94846e-1, 0.00000e+0, -4.91075e+0, 0.00000e+0, 9.81451e-2, 0.00000e+0, 4.63100e+0, 0.00000e+0, 6.13690e+1, 0.00000e+0, 2.00000e+1, 2.00000e+1, 3, 4, 
2023/07/24 22:26:39.072, 7.38651e+1, 0.00000e+0, 5.55902e+2, 0.00000e+0, 5.58778e+4, 0.00000e+0, 7.82368e+1, 0.00000e+0, 5.88803e+2, 0.00000e+0, 5.00196e+2, 0.00000e+0, 3.92419e+1, 0.00000e+0, 4.14543e+1, 0.00000e+0, 3.48177e+0, 0.00000e+0, 3.03298e+0, 0.00000e+0, 0.00000e+0, -2.94846e-1, 0.00000e+0, -4.91075e+0, 0.00000e+0, 9.89022e-2, 0.00000e+0, 4.62998e+0, 0.00000e+0, 6.13082e+1, 0.00000e+0, 2.00000e+1, 2.00000e+1, 3, 5, 
2023/07/24 22:26:49.261, 7.38268e+1, 0.00000e+0, 5.56545e+2, 0.00000e+0, 5.56255e+4, 0.00000e+0, 7.81753e+1, 0.00000e+0, 5.89326e+2, 0.00000e+0, 5.00251e+2, 0.00000e+0, 3.92336e+1, 0.00000e+0, 4.14633e+1, 0.00000e+0, 3.48211e+0, 0.00000e+0, 3.03298e+0, 0.00000e+0, 0.00000e+0, -2.94846e-1, 0.00000e+0, -4.91075e+0, 0.00000e+0, 9.81354e-2, 0.00000e+0, 4.62894e+0, 0.00000e+0, 6.12466e+1, 0.00000e+0, 2.00000e+1, 2.00000e+1, 3, 6, 
2023/07/24 22:26:59.381, 7.37910e+1, 0.00000e+0, 5.57001e+2, 0.00000e+0, 5.51998e+4, 0.00000e+0, 7.81022e+1, 0.00000e+0, 5.89544e+2, 0.00000e+0, 5.00297e+2, 0.00000e+0, 3.92287e+1, 0.00000e+0, 4.14386e+1, 0.00000e+0, 3.48248e+0, 0.00000e+0, 3.03325e+0, 0.00000e+0, 0.00000e+0, -2.94846e-1, 0.00000e+0, -4.91075e+0, 0.00000e+0, 9.87849e-2, 0.00000e+0, 4.62787e+0, 0.00000e+0, 6.11830e+1, 0.00000e+0, 2.00000e+1, 2.00000e+1, 3, 7, 
2023/07/24 22:27:09.559, 7.37619e+1, 0.00000e+0, 5.57841e+2, 0.00000e+0, 5.48215e+4, 0.00000e+0, 7.80402e+1, 0.00000e+0, 5.90196e+2, 0.00000e+0, 5.00297e+2, 0.00000e+0, 3.92226e+1, 0.00000e+0, 4.14211e+1, 0.00000e+0, 3.48225e+0, 0.00000e+0, 3.03321e+0, 0.00000e+0, 0.00000e+0, -2.94846e-1, 0.00000e+0, -4.91075e+0, 0.00000e+0, 9.82415e-2, 0.00000e+0, 4.62675e+0, 0.00000e+0, 6.11160e+1, 0.00000e+0, 2.00000e+1, 2.00000e+1, 3, 8, 
2023/07/24 22:27:19.753, 7.37238e+1, 0.00000e+0, 5.58369e+2, 0.00000e+0, 5.45852e+4, 0.00000e+0, 7.79803e+1, 0.00000e+0, 5.90607e+2, 0.00000e+0, 5.00277e+2, 0.00000e+0, 3.92175e+1, 0.00000e+0, 4.13904e+1, 0.00000e+0, 3.48217e+0, 0.00000e+0, 3.03296e+0, 0.00000e+0, 0.00000e+0, -2.94846e-1, 0.00000e+0, -4.91075e+0, 0.00000e+0, 9.81740e-2, 0.00000e+0, 4.62542e+0, 0.00000e+0, 6.10372e+1, 0.00000e+0, 2.00000e+1, 2.00000e+1, 3, 1, 
2023/07/24 22:27:29.861, 7.36821e+1, 0.00000e+0, 5.58883e+2, 0.00000e+0, 5.42701e+4, 0.00000e+0, 7.79102e+1, 0.00000e+0, 5.90954e+2, 0.00000e+0, 5.00255e+2, 0.00000e+0, 3.92094e+1, 0.00000e+0, 4.13915e+1, 0.00000e+0, 3.48227e+0, 0.00000e+0, 3.03337e+0, 0.00000e+0, 0.00000e+0, -2.94846e-1, 0.00000e+0, -4.91075e+0, 0.00000e+0, 9.88728e-2, 0.00000e+0, 4.62405e+0, 0.00000e+0, 6.09552e+1, 0.00000e+0, 2.00000e+1, 2.00000e+1, 3, 2, 
2023/07/24 22:27:40.053, 7.36646e+1, 0.00000e+0, 5.59622e+2, 0.00000e+0, 5.39798e+4, 0.00000e+0, 7.78679e+1, 0.00000e+0, 5.91554e+2, 0.00000e+0, 5.00208e+2, 0.00000e+0, 3.92035e+1, 0.00000e+0, 4.13875e+1, 0.00000e+0, 3.48223e+0, 0.00000e+0, 3.03310e+0, 0.00000e+0, 0.00000e+0, -2.94846e-1, 0.00000e+0, -4.91075e+0, 0.00000e+0, 9.81451e-2, 0.00000e+0, 4.62267e+0, 0.00000e+0, 6.08735e+1, 0.00000e+0, 2.00000e+1, 2.00000e+1, 3, 3, 
2023/07/24 22:27:50.158, 7.36256e+1, 0.00000e+0, 5.60107e+2, 0.00000e+0, 5.36980e+4, 0.00000e+0, 7.78035e+1, 0.00000e+0, 5.91890e+2, 0.00000e+0, 5.00204e+2, 0.00000e+0, 3.92043e+1, 0.00000e+0, 4.13848e+1, 0.00000e+0, 3.48221e+0, 0.00000e+0, 3.03330e+0, 0.00000e+0, 0.00000e+0, -2.94846e-1, 0.00000e+0, -4.91075e+0, 0.00000e+0, 9.90099e-2, 0.00000e+0, 4.62139e+0, 0.00000e+0, 6.07971e+1, 0.00000e+0, 2.00000e+1, 2.00000e+1, 3, 4, 
2023/07/24 22:28:00.356, 7.35742e+1, 0.00000e+0, 5.60481e+2, 0.00000e+0, 5.34678e+4, 0.00000e+0, 7.77302e+1, 0.00000e+0, 5.92141e+2, 0.00000e+0, 5.00259e+2, 0.00000e+0, 3.91998e+1, 0.00000e+0, 4.13414e+1, 0.00000e+0, 3.48216e+0, 0.00000e+0, 3.03319e+0, 0.00000e+0, 0.00000e+0, -2.94846e-1, 0.00000e+0, -4.91075e+0, 0.00000e+0, 9.80104e-2, 0.00000e+0, 4.62007e+0, 0.00000e+0, 6.07185e+1, 0.00000e+0, 2.00000e+1, 2.00000e+1, 3, 5, 
2023/07/24 22:28:10.461, 7.35255e+1, 0.00000e+0, 5.60810e+2, 0.00000e+0, 5.33132e+4, 0.00000e+0, 7.76661e+1, 0.00000e+0, 5.92393e+2, 0.00000e+0, 5.00282e+2, 0.00000e+0, 3.91957e+1, 0.00000e+0, 4.13645e+1, 0.00000e+0, 3.48250e+0, 0.00000e+0, 3.03328e+0, 0.00000e+0, 0.00000e+0, -2.94846e-1, 0.00000e+0, -4.91075e+0, 0.00000e+0, 9.90295e-2, 0.00000e+0, 4.61896e+0, 0.00000e+0, 6.06522e+1, 0.00000e+0, 2.00000e+1, 2.00000e+1, 3, 6, 
2023/07/24 22:28:20.662, 7.34677e+1, 0.00000e+0, 5.61023e+2, 0.00000e+0, 5.31525e+4, 0.00000e+0, 7.75919e+1, 0.00000e+0, 5.92517e+2, 0.00000e+0, 5.00270e+2, 0.00000e+0, 3.91921e+1, 0.00000e+0, 4.13516e+1, 0.00000e+0, 3.48227e+0, 0.00000e+0, 3.03324e+0, 0.00000e+0, 0.00000e+0, -2.94846e-1, 0.00000e+0, -4.91075e+0, 0.00000e+0, 9.80104e-2, 0.00000e+0, 4.61764e+0, 0.00000e+0, 6.05738e+1, 0.00000e+0, 2.00000e+1, 2.00000e+1, 3, 7, 
2023/07/24 22:28:30.762, 7.34089e+1, 0.00000e+0, 5.61059e+2, 0.00000e+0, 5.30301e+4, 0.00000e+0, 7.75198e+1, 0.00000e+0, 5.92479e+2, 0.00000e+0, 5.00268e+2, 0.00000e+0, 3.91872e+1, 0.00000e+0, 4.13635e+1, 0.00000e+0, 3.48223e+0, 0.00000e+0, 3.03326e+0, 0.00000e+0, 0.00000e+0, -2.94857e-1, 0.00000e+0, -4.91075e+0, 0.00000e+0, 9.90001e-2, 0.00000e+0, 4.61612e+0, 0.00000e+0, 6.04833e+1, 0.00000e+0, 2.00000e+1, 2.00000e+1, 3, 8, 
2023/07/24 22:28:40.955, 7.33579e+1, 0.00000e+0, 5.61138e+2, 0.00000e+0, 5.28931e+4, 0.00000e+0, 7.74547e+1, 0.00000e+0, 5.92475e+2, 0.00000e+0, 5.00260e+2, 0.00000e+0, 3.91865e+1, 0.00000e+0, 4.13508e+1, 0.00000e+0, 3.48203e+0, 0.00000e+0, 3.03320e+0, 0.00000e+0, 0.00000e+0, -2.94866e-1, 0.00000e+0, -4.91075e+0, 0.00000e+0, 9.79624e-2, 0.00000e+0, 4.61507e+0, 0.00000e+0, 6.04206e+1, 0.00000e+0, 2.00000e+1, 2.00000e+1, 3, 1, 
2023/07/24 22:28:51.067, 7.32911e+1, 0.00000e+0, 5.61119e+2, 0.00000e+0, 5.27859e+4, 0.00000e+0, 7.73754e+1, 0.00000e+0, 5.92389e+2, 0.00000e+0, 5.00238e+2, 0.00000e+0, 3.91820e+1, 0.00000e+0, 4.13602e+1, 0.00000e+0, 3.48214e+0, 0.00000e+0, 3.03321e+0, 0.00000e+0, 0.00000e+0, -2.94880e-1, 0.00000e+0, -4.91075e+0, 0.00000e+0, 9.90393e-2, 0.00000e+0, 4.61367e+0, 0.00000e+0, 6.03372e+1, 0.00000e+0, 2.00000e+1, 2.00000e+1, 3, 2, 
2023/07/24 22:29:01.258, 7.32304e+1, 0.00000e+0, 5.61278e+2, 0.00000e+0, 5.27134e+4, 0.00000e+0, 7.73054e+1, 0.00000e+0, 5.92511e+2, 0.00000e+0, 5.00243e+2, 0.00000e+0, 3.91706e+1, 0.00000e+0, 4.13699e+1, 0.00000e+0, 3.48201e+0, 0.00000e+0, 3.03316e+0, 0.00000e+0, 0.00000e+0, -2.94893e-1, 0.00000e+0, -4.91075e+0, 0.00000e+0, 9.81258e-2, 0.00000e+0, 4.61208e+0, 0.00000e+0, 6.02431e+1, 0.00000e+0, 2.00000e+1, 2.00000e+1, 3, 3, 
2023/07/24 22:29:11.371, 7.31717e+1, 0.00000e+0, 5.61616e+2, 0.00000e+0, 5.24999e+4, 0.00000e+0, 7.72261e+1, 0.00000e+0, 5.92734e+2, 0.00000e+0, 5.00279e+2, 0.00000e+0, 3.91675e+1, 0.00000e+0, 4.13461e+1, 0.00000e+0, 3.48201e+0, 0.00000e+0, 3.03305e+0, 0.00000e+0, 0.00000e+0, -2.94907e-1, 0.00000e+0, -4.91075e+0, 0.00000e+0, 9.88728e-2, 0.00000e+0, 4.61073e+0, 0.00000e+0, 6.01622e+1, 0.00000e+0, 2.00000e+1, 2.00000e+1, 3, 4, 
2023/07/24 22:29:21.561, 7.31281e+1, 0.00000e+0, 5.61657e+2, 0.00000e+0, 5.23027e+4, 0.00000e+0, 7.71640e+1, 0.00000e+0, 5.92654e+2, 0.00000e+0, 5.00282e+2, 0.00000e+0, 3.91615e+1, 0.00000e+0, 4.13325e+1, 0.00000e+0, 3.48165e+0, 0.00000e+0, 3.03338e+0, 0.00000e+0, 0.00000e+0, -2.94923e-1, 0.00000e+0, -4.91075e+0, 0.00000e+0, 9.81547e-2, 0.00000e+0, 4.60971e+0, 0.00000e+0, 6.01015e+1, 0.00000e+0, 2.00000e+1, 2.00000e+1, 3, 5, 
2023/07/24 22:29:31.675, 7.30562e+1, 0.00000e+0, 5.61509e+2, 0.00000e+0, 5.23491e+4, 0.00000e+0, 7.70919e+1, 0.00000e+0, 5.92527e+2, 0.00000e+0, 5.00293e+2, 0.00000e+0, 3.91550e+1, 0.00000e+0, 4.13665e+1, 0.00000e+0, 3.48161e+0, 0.00000e+0, 3.03316e+0, 0.00000e+0, 0.00000e+0, -2.94940e-1, 0.00000e+0, -4.91077e+0, 0.00000e+0, 9.88338e-2, 0.00000e+0, 4.60829e+0, 0.00000e+0, 6.00171e+1, 0.00000e+0, 2.00000e+1, 2.00000e+1, 3, 6, 
2023/07/24 22:29:41.861, 7.29821e+1, 0.00000e+0, 5.61379e+2, 0.00000e+0, 5.24182e+4, 0.00000e+0, 7.70193e+1, 0.00000e+0, 5.92434e+2, 0.00000e+0, 5.00266e+2, 0.00000e+0, 3.91503e+1, 0.00000e+0, 4.13815e+1, 0.00000e+0, 3.48124e+0, 0.00000e+0, 3.03319e+0, 0.00000e+0, 0.00000e+0, -2.94956e-1, 0.00000e+0, -4.91078e+0, 0.00000e+0, 9.82125e-2, 0.00000e+0, 4.60730e+0, 0.00000e+0, 5.99583e+1, 0.00000e+0, 2.00000e+1, 2.00000e+1, 3, 7, 
2023/07/24 22:29:51.980, 7.29158e+1, 0.00000e+0, 5.61558e+2, 0.00000e+0, 5.23341e+4, 0.00000e+0, 7.69426e+1, 0.00000e+0, 5.92570e+2, 0.00000e+0, 5.00246e+2, 0.00000e+0, 3.91457e+1, 0.00000e+0, 4.13722e+1, 0.00000e+0, 3.48150e+0, 0.00000e+0, 3.03316e+0, 0.00000e+0, 0.00000e+0, -2.94974e-1, 0.00000e+0, -4.91079e+0, 0.00000e+0, 9.87752e-2, 0.00000e+0, 4.60556e+0, 0.00000e+0, 5.98548e+1, 0.00000e+0, 2.00000e+1, 2.00000e+1, 3, 8, 
2023/07/24 22:30:02.163, 7.28706e+1, 0.00000e+0, 5.61643e+2, 0.00000e+0, 5.23806e+4, 0.00000e+0, 7.68986e+1, 0.00000e+0, 5.92689e+2, 0.00000e+0, 5.00203e+2, 0.00000e+0, 3.91454e+1, 0.00000e+0, 4.13816e+1, 0.00000e+0, 3.48104e+0, 0.00000e+0, 3.03339e+0, 0.00000e+0, 0.00000e+0, -2.94991e-1, 0.00000e+0, -4.91080e+0, 0.00000e+0, 9.82801e-2, 0.00000e+0, 4.60442e+0, 0.00000e+0, 5.97868e+1, 0.00000e+0, 2.00000e+1, 2.00000e+1, 3, 1, 
2023/07/24 22:30:12.360, 7.27845e+1, 0.00000e+0, 5.61456e+2, 0.00000e+0, 5.24246e+4, 0.00000e+0, 7.68113e+1, 0.00000e+0, 5.92519e+2, 0.00000e+0, 5.00208e+2, 0.00000e+0, 3.91448e+1, 0.00000e+0, 4.13963e+1, 0.00000e+0, 3.48114e+0, 0.00000e+0, 3.03311e+0, 0.00000e+0, 0.00000e+0, -2.95009e-1, 0.00000e+0, -4.91081e+0, 0.00000e+0, 9.80296e-2, 0.00000e+0, 4.60325e+0, 0.00000e+0, 5.97173e+1, 0.00000e+0, 2.00000e+1, 2.00000e+1, 3, 2, 
2023/07/24 22:30:22.462, 7.27028e+1, 0.00000e+0, 5.61462e+2, 0.00000e+0, 5.24059e+4, 0.00000e+0, 7.67236e+1, 0.00000e+0, 5.92513e+2, 0.00000e+0, 5.00261e+2, 0.00000e+0, 3.91348e+1, 0.00000e+0, 4.13917e+1, 0.00000e+0, 3.48099e+0, 0.00000e+0, 3.03320e+0, 0.00000e+0, 0.00000e+0, -2.95028e-1, 0.00000e+0, -4.91082e+0, 0.00000e+0, 9.89707e-2, 0.00000e+0, 4.60186e+0, 0.00000e+0, 5.96348e+1, 0.00000e+0, 2.00000e+1, 2.00000e+1, 3, 3, 

