SN:3K430000012749 BD:Apr 19 2021 VC:7d9ffae MD5:34e03199e6006f2831fb02c414d62259
                     Time,      [CH4]_ppm,   [CH4]_ppm_sd,      [CO2]_ppm,   [CO2]_ppm_sd,      [H2O]_ppm,   [H2O]_ppm_sd,     [CH4]d_ppm,  [CH4]d_ppm_sd,     [CO2]d_ppm,  [CO2]d_ppm_sd,      GasP_torr,   GasP_torr_sd,         GasT_C,      GasT_C_sd,         AmbT_C,      AmbT_C_sd,         RD0_us,      RD0_us_sd,         RD1_us,      RD1_us_sd,     RD0_raw_us,         LTC0_v,      LTC0_v_sd,         LTC1_v,      LTC1_v_sd,             HZ,          HZ_sd,         Batt_v,      Batt_v_sd,        BattPer,     BattPer_sd, Temp_Status_mA,Analyzer_Status_mA,       Fit_Flag,      MIU_VALVE,       MIU_DESC
2023/07/24 22:30:32.659, 7.26517e+1, 0.00000e+0, 5.61624e+2, 0.00000e+0, 5.22337e+4, 0.00000e+0, 7.66557e+1, 0.00000e+0, 5.92576e+2, 0.00000e+0, 5.00303e+2, 0.00000e+0, 3.91340e+1, 0.00000e+0, 4.13628e+1, 0.00000e+0, 3.48100e+0, 0.00000e+0, 3.03323e+0, 0.00000e+0, 0.00000e+0, -2.95047e-1, 0.00000e+0, -4.91084e+0, 0.00000e+0, 9.81065e-2, 0.00000e+0, 4.60037e+0, 0.00000e+0, 5.95456e+1, 0.00000e+0, 2.00000e+1, 2.00000e+1, 3, 4, 
2023/07/24 22:30:42.760, 7.26076e+1, 0.00000e+0, 5.61837e+2, 0.00000e+0, 5.21595e+4, 0.00000e+0, 7.66031e+1, 0.00000e+0, 5.92754e+2, 0.00000e+0, 5.00273e+2, 0.00000e+0, 3.91354e+1, 0.00000e+0, 4.13308e+1, 0.00000e+0, 3.48080e+0, 0.00000e+0, 3.03339e+0, 0.00000e+0, 0.00000e+0, -2.95066e-1, 0.00000e+0, -4.91084e+0, 0.00000e+0, 9.89413e-2, 0.00000e+0, 4.59851e+0, 0.00000e+0, 5.94350e+1, 0.00000e+0, 2.00000e+1, 2.00000e+1, 3, 5, 
2023/07/24 22:30:52.962, 7.25473e+1, 0.00000e+0, 5.62143e+2, 0.00000e+0, 5.20909e+4, 0.00000e+0, 7.65341e+1, 0.00000e+0, 5.93035e+2, 0.00000e+0, 5.00263e+2, 0.00000e+0, 3.91267e+1, 0.00000e+0, 4.13193e+1, 0.00000e+0, 3.48086e+0, 0.00000e+0, 3.03323e+0, 0.00000e+0, 0.00000e+0, -2.95087e-1, 0.00000e+0, -4.91086e+0, 0.00000e+0, 9.80777e-2, 0.00000e+0, 4.59706e+0, 0.00000e+0, 5.93490e+1, 0.00000e+0, 2.00000e+1, 2.00000e+1, 3, 6, 
2023/07/24 22:31:03.059, 7.24952e+1, 0.00000e+0, 5.62141e+2, 0.00000e+0, 5.20500e+4, 0.00000e+0, 7.64758e+1, 0.00000e+0, 5.93008e+2, 0.00000e+0, 5.00208e+2, 0.00000e+0, 3.91186e+1, 0.00000e+0, 4.12814e+1, 0.00000e+0, 3.48043e+0, 0.00000e+0, 3.03302e+0, 0.00000e+0, 0.00000e+0, -2.95109e-1, 0.00000e+0, -4.91087e+0, 0.00000e+0, 9.90099e-2, 0.00000e+0, 4.59579e+0, 0.00000e+0, 5.92730e+1, 0.00000e+0, 2.00000e+1, 2.00000e+1, 3, 7, 
2023/07/24 22:31:13.258, 7.24399e+1, 0.00000e+0, 5.62487e+2, 0.00000e+0, 5.19449e+4, 0.00000e+0, 7.64089e+1, 0.00000e+0, 5.93306e+2, 0.00000e+0, 5.00175e+2, 0.00000e+0, 3.91131e+1, 0.00000e+0, 4.12809e+1, 0.00000e+0, 3.48063e+0, 0.00000e+0, 3.03321e+0, 0.00000e+0, 0.00000e+0, -2.95131e-1, 0.00000e+0, -4.91087e+0, 0.00000e+0, 9.80969e-2, 0.00000e+0, 4.59497e+0, 0.00000e+0, 5.92245e+1, 0.00000e+0, 2.00000e+1, 2.00000e+1, 3, 8, 
2023/07/24 22:31:23.361, 7.23918e+1, 0.00000e+0, 5.62841e+2, 0.00000e+0, 5.16596e+4, 0.00000e+0, 7.63353e+1, 0.00000e+0, 5.93501e+2, 0.00000e+0, 5.00202e+2, 0.00000e+0, 3.91106e+1, 0.00000e+0, 4.12756e+1, 0.00000e+0, 3.48048e+0, 0.00000e+0, 3.03327e+0, 0.00000e+0, 0.00000e+0, -2.95152e-1, 0.00000e+0, -4.91087e+0, 0.00000e+0, 9.90001e-2, 0.00000e+0, 4.59425e+0, 0.00000e+0, 5.91813e+1, 0.00000e+0, 2.00000e+1, 2.00000e+1, 3, 1, 
2023/07/24 22:31:33.562, 7.23421e+1, 0.00000e+0, 5.63171e+2, 0.00000e+0, 5.13949e+4, 0.00000e+0, 7.62616e+1, 0.00000e+0, 5.93683e+2, 0.00000e+0, 5.00248e+2, 0.00000e+0, 3.91062e+1, 0.00000e+0, 4.12618e+1, 0.00000e+0, 3.48035e+0, 0.00000e+0, 3.03301e+0, 0.00000e+0, 0.00000e+0, -2.95175e-1, 0.00000e+0, -4.91088e+0, 0.00000e+0, 9.80200e-2, 0.00000e+0, 4.59343e+0, 0.00000e+0, 5.91330e+1, 0.00000e+0, 2.00000e+1, 2.00000e+1, 3, 2, 
2023/07/24 22:31:43.666, 7.22832e+1, 0.00000e+0, 5.63281e+2, 0.00000e+0, 5.14274e+4, 0.00000e+0, 7.62021e+1, 0.00000e+0, 5.93819e+2, 0.00000e+0, 5.00304e+2, 0.00000e+0, 3.91025e+1, 0.00000e+0, 4.12783e+1, 0.00000e+0, 3.47998e+0, 0.00000e+0, 3.03317e+0, 0.00000e+0, 0.00000e+0, -2.95175e-1, 0.00000e+0, -4.91089e+0, 0.00000e+0, 9.89315e-2, 0.00000e+0, 4.59208e+0, 0.00000e+0, 5.90525e+1, 0.00000e+0, 2.00000e+1, 2.00000e+1, 3, 3, 
2023/07/24 22:31:53.861, 7.22087e+1, 0.00000e+0, 5.63091e+2, 0.00000e+0, 5.14629e+4, 0.00000e+0, 7.61264e+1, 0.00000e+0, 5.93642e+2, 0.00000e+0, 5.00294e+2, 0.00000e+0, 3.90959e+1, 0.00000e+0, 4.12788e+1, 0.00000e+0, 3.48006e+0, 0.00000e+0, 3.03325e+0, 0.00000e+0, 0.00000e+0, -2.95175e-1, 0.00000e+0, -4.91090e+0, 0.00000e+0, 9.81740e-2, 0.00000e+0, 4.59049e+0, 0.00000e+0, 5.89577e+1, 0.00000e+0, 2.00000e+1, 2.00000e+1, 3, 4, 
2023/07/24 22:32:03.970, 7.21604e+1, 0.00000e+0, 5.63222e+2, 0.00000e+0, 5.14007e+4, 0.00000e+0, 7.60704e+1, 0.00000e+0, 5.93740e+2, 0.00000e+0, 5.00278e+2, 0.00000e+0, 3.90922e+1, 0.00000e+0, 4.12902e+1, 0.00000e+0, 3.47991e+0, 0.00000e+0, 3.03335e+0, 0.00000e+0, 0.00000e+0, -2.95175e-1, 0.00000e+0, -4.91090e+0, 0.00000e+0, 9.89218e-2, 0.00000e+0, 4.58894e+0, 0.00000e+0, 5.88658e+1, 0.00000e+0, 2.00000e+1, 2.00000e+1, 3, 5, 
2023/07/24 22:32:14.160, 7.20907e+1, 0.00000e+0, 5.63427e+2, 0.00000e+0, 5.13859e+4, 0.00000e+0, 7.59959e+1, 0.00000e+0, 5.93947e+2, 0.00000e+0, 5.00233e+2, 0.00000e+0, 3.90913e+1, 0.00000e+0, 4.12941e+1, 0.00000e+0, 3.47992e+0, 0.00000e+0, 3.03323e+0, 0.00000e+0, 0.00000e+0, -2.95175e-1, 0.00000e+0, -4.91090e+0, 0.00000e+0, 9.80392e-2, 0.00000e+0, 4.58796e+0, 0.00000e+0, 5.88073e+1, 0.00000e+0, 2.00000e+1, 2.00000e+1, 3, 6, 
2023/07/24 22:32:24.274, 7.20455e+1, 0.00000e+0, 5.63590e+2, 0.00000e+0, 5.13086e+4, 0.00000e+0, 7.59420e+1, 0.00000e+0, 5.94071e+2, 0.00000e+0, 5.00192e+2, 0.00000e+0, 3.90954e+1, 0.00000e+0, 4.12900e+1, 0.00000e+0, 3.47968e+0, 0.00000e+0, 3.03345e+0, 0.00000e+0, 0.00000e+0, -2.95175e-1, 0.00000e+0, -4.91090e+0, 0.00000e+0, 9.89218e-2, 0.00000e+0, 4.58624e+0, 0.00000e+0, 5.87051e+1, 0.00000e+0, 2.00000e+1, 2.00000e+1, 3, 7, 
2023/07/24 22:32:34.454, 7.19921e+1, 0.00000e+0, 5.63557e+2, 0.00000e+0, 5.12497e+4, 0.00000e+0, 7.58810e+1, 0.00000e+0, 5.94000e+2, 0.00000e+0, 5.00174e+2, 0.00000e+0, 3.90854e+1, 0.00000e+0, 4.12981e+1, 0.00000e+0, 3.47951e+0, 0.00000e+0, 3.03367e+0, 0.00000e+0, 0.00000e+0, -2.95175e-1, 0.00000e+0, -4.91090e+0, 0.00000e+0, 9.83187e-2, 0.00000e+0, 4.58506e+0, 0.00000e+0, 5.86345e+1, 0.00000e+0, 2.00000e+1, 2.00000e+1, 3, 8, 
2023/07/24 22:32:44.585, 7.19106e+1, 0.00000e+0, 5.63577e+2, 0.00000e+0, 5.12122e+4, 0.00000e+0, 7.57921e+1, 0.00000e+0, 5.93997e+2, 0.00000e+0, 5.00222e+2, 0.00000e+0, 3.90808e+1, 0.00000e+0, 4.12649e+1, 0.00000e+0, 3.47968e+0, 0.00000e+0, 3.03340e+0, 0.00000e+0, 0.00000e+0, -2.95175e-1, 0.00000e+0, -4.91090e+0, 0.00000e+0, 9.86291e-2, 0.00000e+0, 4.58417e+0, 0.00000e+0, 5.85814e+1, 0.00000e+0, 2.00000e+1, 2.00000e+1, 3, 1, 
2023/07/24 22:32:54.755, 7.18152e+1, 0.00000e+0, 5.63394e+2, 0.00000e+0, 5.13713e+4, 0.00000e+0, 7.57042e+1, 0.00000e+0, 5.93903e+2, 0.00000e+0, 5.00256e+2, 0.00000e+0, 3.90743e+1, 0.00000e+0, 4.12346e+1, 0.00000e+0, 3.47940e+0, 0.00000e+0, 3.03356e+0, 0.00000e+0, 0.00000e+0, -2.95175e-1, 0.00000e+0, -4.91090e+0, 0.00000e+0, 9.83865e-2, 0.00000e+0, 4.58310e+0, 0.00000e+0, 5.85181e+1, 0.00000e+0, 2.00000e+1, 2.00000e+1, 3, 2, 
2023/07/24 22:33:04.890, 7.17761e+1, 0.00000e+0, 5.63411e+2, 0.00000e+0, 5.13768e+4, 0.00000e+0, 7.56635e+1, 0.00000e+0, 5.93925e+2, 0.00000e+0, 5.00224e+2, 0.00000e+0, 3.90750e+1, 0.00000e+0, 4.12522e+1, 0.00000e+0, 3.47928e+0, 0.00000e+0, 3.03333e+0, 0.00000e+0, 0.00000e+0, -2.95175e-1, 0.00000e+0, -4.91090e+0, 0.00000e+0, 9.86485e-2, 0.00000e+0, 4.58152e+0, 0.00000e+0, 5.84240e+1, 0.00000e+0, 2.00000e+1, 2.00000e+1, 3, 3, 
2023/07/24 22:33:15.061, 7.17291e+1, 0.00000e+0, 5.63802e+2, 0.00000e+0, 5.11726e+4, 0.00000e+0, 7.55977e+1, 0.00000e+0, 5.94209e+2, 0.00000e+0, 5.00250e+2, 0.00000e+0, 3.90722e+1, 0.00000e+0, 4.12534e+1, 0.00000e+0, 3.47923e+0, 0.00000e+0, 3.03352e+0, 0.00000e+0, 0.00000e+0, -2.95175e-1, 0.00000e+0, -4.91090e+0, 0.00000e+0, 9.83865e-2, 0.00000e+0, 4.57985e+0, 0.00000e+0, 5.83245e+1, 0.00000e+0, 2.00000e+1, 2.00000e+1, 3, 4, 
2023/07/24 22:33:25.253, 7.16230e+1, 0.00000e+0, 5.63764e+2, 0.00000e+0, 5.12541e+4, 0.00000e+0, 7.54922e+1, 0.00000e+0, 5.94220e+2, 0.00000e+0, 5.00228e+2, 0.00000e+0, 3.90661e+1, 0.00000e+0, 4.12612e+1, 0.00000e+0, 3.47893e+0, 0.00000e+0, 3.03348e+0, 0.00000e+0, 0.00000e+0, -2.95175e-1, 0.00000e+0, -4.91090e+0, 0.00000e+0, 9.80777e-2, 0.00000e+0, 4.57867e+0, 0.00000e+0, 5.82543e+1, 0.00000e+0, 2.00000e+1, 2.00000e+1, 3, 5, 
2023/07/24 22:33:35.363, 7.14313e+1, 0.00000e+0, 5.63240e+2, 0.00000e+0, 5.15124e+4, 0.00000e+0, 7.53108e+1, 0.00000e+0, 5.93830e+2, 0.00000e+0, 5.00215e+2, 0.00000e+0, 3.90622e+1, 0.00000e+0, 4.12635e+1, 0.00000e+0, 3.47898e+0, 0.00000e+0, 3.03332e+0, 0.00000e+0, 0.00000e+0, -2.95175e-1, 0.00000e+0, -4.91090e+0, 0.00000e+0, 9.88142e-2, 0.00000e+0, 4.57715e+0, 0.00000e+0, 5.81635e+1, 0.00000e+0, 2.00000e+1, 2.00000e+1, 3, 6, 
2023/07/24 22:33:45.561, 7.11859e+1, 0.00000e+0, 5.62614e+2, 0.00000e+0, 5.17305e+4, 0.00000e+0, 7.50692e+1, 0.00000e+0, 5.93306e+2, 0.00000e+0, 5.00183e+2, 0.00000e+0, 3.90556e+1, 0.00000e+0, 4.12589e+1, 0.00000e+0, 3.47855e+0, 0.00000e+0, 3.03324e+0, 0.00000e+0, 0.00000e+0, -2.95175e-1, 0.00000e+0, -4.91090e+0, 0.00000e+0, 9.81162e-2, 0.00000e+0, 4.57613e+0, 0.00000e+0, 5.81028e+1, 0.00000e+0, 2.00000e+1, 2.00000e+1, 3, 7, 
2023/07/24 22:33:55.658, 7.08918e+1, 0.00000e+0, 5.61949e+2, 0.00000e+0, 5.17709e+4, 0.00000e+0, 7.47623e+1, 0.00000e+0, 5.92630e+2, 0.00000e+0, 5.00212e+2, 0.00000e+0, 3.90495e+1, 0.00000e+0, 4.12558e+1, 0.00000e+0, 3.47799e+0, 0.00000e+0, 3.03342e+0, 0.00000e+0, 0.00000e+0, -2.95175e-1, 0.00000e+0, -4.91090e+0, 0.00000e+0, 9.90884e-2, 0.00000e+0, 4.57494e+0, 0.00000e+0, 5.80320e+1, 0.00000e+0, 2.00000e+1, 2.00000e+1, 3, 8, 
2023/07/24 22:34:05.858, 7.05711e+1, 0.00000e+0, 5.61327e+2, 0.00000e+0, 5.17953e+4, 0.00000e+0, 7.44261e+1, 0.00000e+0, 5.91990e+2, 0.00000e+0, 5.00224e+2, 0.00000e+0, 3.90442e+1, 0.00000e+0, 4.12413e+1, 0.00000e+0, 3.47766e+0, 0.00000e+0, 3.03329e+0, 0.00000e+0, 0.00000e+0, -2.95175e-1, 0.00000e+0, -4.91090e+0, 0.00000e+0, 9.80392e-2, 0.00000e+0, 4.57364e+0, 0.00000e+0, 5.79550e+1, 0.00000e+0, 2.00000e+1, 2.00000e+1, 3, 1, 
2023/07/24 22:34:15.960, 7.02846e+1, 0.00000e+0, 5.60919e+2, 0.00000e+0, 5.17633e+4, 0.00000e+0, 7.41214e+1, 0.00000e+0, 5.91539e+2, 0.00000e+0, 5.00235e+2, 0.00000e+0, 3.90371e+1, 0.00000e+0, 4.12105e+1, 0.00000e+0, 3.47688e+0, 0.00000e+0, 3.03356e+0, 0.00000e+0, 0.00000e+0, -2.95175e-1, 0.00000e+0, -4.91090e+0, 0.00000e+0, 9.90197e-2, 0.00000e+0, 4.57254e+0, 0.00000e+0, 5.78891e+1, 0.00000e+0, 2.00000e+1, 2.00000e+1, 3, 2, 
2023/07/24 22:34:26.158, 6.99096e+1, 0.00000e+0, 5.60473e+2, 0.00000e+0, 5.15230e+4, 0.00000e+0, 7.37072e+1, 0.00000e+0, 5.90919e+2, 0.00000e+0, 5.00213e+2, 0.00000e+0, 3.90419e+1, 0.00000e+0, 4.12202e+1, 0.00000e+0, 3.47682e+0, 0.00000e+0, 3.03365e+0, 0.00000e+0, 0.00000e+0, -2.95175e-1, 0.00000e+0, -4.91090e+0, 0.00000e+0, 9.80200e-2, 0.00000e+0, 4.57089e+0, 0.00000e+0, 5.77911e+1, 0.00000e+0, 2.00000e+1, 2.00000e+1, 3, 3, 
2023/07/24 22:34:36.265, 6.96890e+1, 0.00000e+0, 5.60277e+2, 0.00000e+0, 5.14120e+4, 0.00000e+0, 7.34661e+1, 0.00000e+0, 5.90644e+2, 0.00000e+0, 5.00186e+2, 0.00000e+0, 3.90326e+1, 0.00000e+0, 4.12226e+1, 0.00000e+0, 3.47669e+0, 0.00000e+0, 3.03366e+0, 0.00000e+0, 0.00000e+0, -2.95175e-1, 0.00000e+0, -4.91090e+0, 0.00000e+0, 9.89707e-2, 0.00000e+0, 4.56965e+0, 0.00000e+0, 5.77173e+1, 0.00000e+0, 2.00000e+1, 2.00000e+1, 3, 4, 
2023/07/24 22:34:46.456, 6.94697e+1, 0.00000e+0, 5.60079e+2, 0.00000e+0, 5.12988e+4, 0.00000e+0, 7.32261e+1, 0.00000e+0, 5.90364e+2, 0.00000e+0, 5.00163e+2, 0.00000e+0, 3.90300e+1, 0.00000e+0, 4.12363e+1, 0.00000e+0, 3.47621e+0, 0.00000e+0, 3.03370e+0, 0.00000e+0, 0.00000e+0, -2.95175e-1, 0.00000e+0, -4.91090e+0, 0.00000e+0, 9.81162e-2, 0.00000e+0, 4.56828e+0, 0.00000e+0, 5.76358e+1, 0.00000e+0, 2.00000e+1, 2.00000e+1, 3, 5, 
2023/07/24 22:34:56.569, 6.90241e+1, 0.00000e+0, 5.58976e+2, 0.00000e+0, 5.13991e+4, 0.00000e+0, 7.27641e+1, 0.00000e+0, 5.89264e+2, 0.00000e+0, 5.00166e+2, 0.00000e+0, 3.90225e+1, 0.00000e+0, 4.12518e+1, 0.00000e+0, 3.47572e+0, 0.00000e+0, 3.03354e+0, 0.00000e+0, 0.00000e+0, -2.95175e-1, 0.00000e+0, -4.91090e+0, 0.00000e+0, 9.88826e-2, 0.00000e+0, 4.56733e+0, 0.00000e+0, 5.75789e+1, 0.00000e+0, 2.00000e+1, 2.00000e+1, 3, 6, 
2023/07/24 22:35:06.760, 6.89022e+1, 0.00000e+0, 5.58925e+2, 0.00000e+0, 5.14495e+4, 0.00000e+0, 7.26395e+1, 0.00000e+0, 5.89241e+2, 0.00000e+0, 5.00182e+2, 0.00000e+0, 3.90226e+1, 0.00000e+0, 4.12818e+1, 0.00000e+0, 3.47532e+0, 0.00000e+0, 3.03388e+0, 0.00000e+0, 0.00000e+0, -2.95175e-1, 0.00000e+0, -4.91090e+0, 0.00000e+0, 9.81162e-2, 0.00000e+0, 4.56580e+0, 0.00000e+0, 5.74882e+1, 0.00000e+0, 2.00000e+1, 2.00000e+1, 3, 7, 
2023/07/24 22:35:16.873, 6.85472e+1, 0.00000e+0, 5.58026e+2, 0.00000e+0, 5.15444e+4, 0.00000e+0, 7.22725e+1, 0.00000e+0, 5.88353e+2, 0.00000e+0, 5.00215e+2, 0.00000e+0, 3.90217e+1, 0.00000e+0, 4.12693e+1, 0.00000e+0, 3.47472e+0, 0.00000e+0, 3.03359e+0, 0.00000e+0, 0.00000e+0, -2.95175e-1, 0.00000e+0, -4.91090e+0, 0.00000e+0, 9.89022e-2, 0.00000e+0, 4.56413e+0, 0.00000e+0, 5.73886e+1, 0.00000e+0, 2.00000e+1, 2.00000e+1, 3, 8, 
2023/07/24 22:35:27.059, 6.83451e+1, 0.00000e+0, 5.57508e+2, 0.00000e+0, 5.16215e+4, 0.00000e+0, 7.20652e+1, 0.00000e+0, 5.87854e+2, 0.00000e+0, 5.00213e+2, 0.00000e+0, 3.90169e+1, 0.00000e+0, 4.12241e+1, 0.00000e+0, 3.47442e+0, 0.00000e+0, 3.03347e+0, 0.00000e+0, 0.00000e+0, -2.95175e-1, 0.00000e+0, -4.91090e+0, 0.00000e+0, 9.82318e-2, 0.00000e+0, 4.56264e+0, 0.00000e+0, 5.72999e+1, 0.00000e+0, 2.00000e+1, 2.00000e+1, 3, 1, 
2023/07/24 22:35:37.177, 6.79430e+1, 0.00000e+0, 5.56793e+2, 0.00000e+0, 5.16477e+4, 0.00000e+0, 7.16432e+1, 0.00000e+0, 5.87116e+2, 0.00000e+0, 5.00210e+2, 0.00000e+0, 3.90113e+1, 0.00000e+0, 4.12101e+1, 0.00000e+0, 3.47389e+0, 0.00000e+0, 3.03368e+0, 0.00000e+0, 0.00000e+0, -2.95175e-1, 0.00000e+0, -4.91090e+0, 0.00000e+0, 9.87849e-2, 0.00000e+0, 4.56117e+0, 0.00000e+0, 5.72127e+1, 0.00000e+0, 2.00000e+1, 2.00000e+1, 3, 2, 
2023/07/24 22:35:47.358, 6.77475e+1, 0.00000e+0, 5.56819e+2, 0.00000e+0, 5.13569e+4, 0.00000e+0, 7.14151e+1, 0.00000e+0, 5.86963e+2, 0.00000e+0, 5.00169e+2, 0.00000e+0, 3.90080e+1, 0.00000e+0, 4.11945e+1, 0.00000e+0, 3.47363e+0, 0.00000e+0, 3.03376e+0, 0.00000e+0, 0.00000e+0, -2.95175e-1, 0.00000e+0, -4.91090e+0, 0.00000e+0, 9.82704e-2, 0.00000e+0, 4.55981e+0, 0.00000e+0, 5.71317e+1, 0.00000e+0, 2.00000e+1, 2.00000e+1, 3, 3, 
2023/07/24 22:35:57.482, 6.74781e+1, 0.00000e+0, 5.56415e+2, 0.00000e+0, 5.12167e+4, 0.00000e+0, 7.11207e+1, 0.00000e+0, 5.86451e+2, 0.00000e+0, 5.00154e+2, 0.00000e+0, 3.90049e+1, 0.00000e+0, 4.12176e+1, 0.00000e+0, 3.47360e+0, 0.00000e+0, 3.03390e+0, 0.00000e+0, 0.00000e+0, -2.95175e-1, 0.00000e+0, -4.91090e+0, 0.00000e+0, 9.87362e-2, 0.00000e+0, 4.55854e+0, 0.00000e+0, 5.70562e+1, 0.00000e+0, 2.00000e+1, 2.00000e+1, 3, 4, 
2023/07/24 22:36:07.659, 6.70956e+1, 0.00000e+0, 5.55621e+2, 0.00000e+0, 5.11861e+4, 0.00000e+0, 7.07152e+1, 0.00000e+0, 5.85595e+2, 0.00000e+0, 5.00145e+2, 0.00000e+0, 3.90005e+1, 0.00000e+0, 4.11977e+1, 0.00000e+0, 3.47278e+0, 0.00000e+0, 3.03364e+0, 0.00000e+0, 0.00000e+0, -2.95175e-1, 0.00000e+0, -4.91090e+0, 0.00000e+0, 9.83091e-2, 0.00000e+0, 4.55791e+0, 0.00000e+0, 5.70183e+1, 0.00000e+0, 2.00000e+1, 2.00000e+1, 3, 5, 
2023/07/24 22:36:17.862, 6.68643e+1, 0.00000e+0, 5.55314e+2, 0.00000e+0, 5.10927e+4, 0.00000e+0, 7.04645e+1, 0.00000e+0, 5.85214e+2, 0.00000e+0, 5.00157e+2, 0.00000e+0, 3.90002e+1, 0.00000e+0, 4.12105e+1, 0.00000e+0, 3.47275e+0, 0.00000e+0, 3.03369e+0, 0.00000e+0, 0.00000e+0, -2.95175e-1, 0.00000e+0, -4.91090e+0, 0.00000e+0, 9.79912e-2, 0.00000e+0, 4.55686e+0, 0.00000e+0, 5.69558e+1, 0.00000e+0, 2.00000e+1, 2.00000e+1, 3, 6, 
2023/07/24 22:36:27.964, 6.65916e+1, 0.00000e+0, 5.54669e+2, 0.00000e+0, 5.10578e+4, 0.00000e+0, 7.01746e+1, 0.00000e+0, 5.84513e+2, 0.00000e+0, 5.00221e+2, 0.00000e+0, 3.89978e+1, 0.00000e+0, 4.12310e+1, 0.00000e+0, 3.47236e+0, 0.00000e+0, 3.03428e+0, 0.00000e+0, 0.00000e+0, -2.95185e-1, 0.00000e+0, -4.91090e+0, 0.00000e+0, 9.90099e-2, 0.00000e+0, 4.55583e+0, 0.00000e+0, 5.68946e+1, 0.00000e+0, 2.00000e+1, 2.00000e+1, 3, 7, 
2023/07/24 22:36:38.157, 6.62964e+1, 0.00000e+0, 5.53920e+2, 0.00000e+0, 5.12661e+4, 0.00000e+0, 6.98788e+1, 0.00000e+0, 5.83852e+2, 0.00000e+0, 5.00221e+2, 0.00000e+0, 3.89913e+1, 0.00000e+0, 4.12157e+1, 0.00000e+0, 3.47188e+0, 0.00000e+0, 3.03414e+0, 0.00000e+0, 0.00000e+0, -2.95197e-1, 0.00000e+0, -4.91090e+0, 0.00000e+0, 9.80488e-2, 0.00000e+0, 4.55482e+0, 0.00000e+0, 5.68343e+1, 0.00000e+0, 2.00000e+1, 2.00000e+1, 3, 8, 
2023/07/24 22:36:48.263, 6.60234e+1, 0.00000e+0, 5.53224e+2, 0.00000e+0, 5.13829e+4, 0.00000e+0, 6.95996e+1, 0.00000e+0, 5.83190e+2, 0.00000e+0, 5.00202e+2, 0.00000e+0, 3.89867e+1, 0.00000e+0, 4.12216e+1, 0.00000e+0, 3.47154e+0, 0.00000e+0, 3.03387e+0, 0.00000e+0, 0.00000e+0, -2.95209e-1, 0.00000e+0, -4.91090e+0, 0.00000e+0, 9.90099e-2, 0.00000e+0, 4.55345e+0, 0.00000e+0, 5.67530e+1, 0.00000e+0, 2.00000e+1, 2.00000e+1, 3, 1, 
2023/07/24 22:36:58.461, 6.57122e+1, 0.00000e+0, 5.52609e+2, 0.00000e+0, 5.15087e+4, 0.00000e+0, 6.92808e+1, 0.00000e+0, 5.82619e+2, 0.00000e+0, 5.00190e+2, 0.00000e+0, 3.89836e+1, 0.00000e+0, 4.12393e+1, 0.00000e+0, 3.47100e+0, 0.00000e+0, 3.03387e+0, 0.00000e+0, 0.00000e+0, -2.95222e-1, 0.00000e+0, -4.91090e+0, 0.00000e+0, 9.80008e-2, 0.00000e+0, 4.55213e+0, 0.00000e+0, 5.66746e+1, 0.00000e+0, 2.00000e+1, 2.00000e+1, 3, 2, 
2023/07/24 22:37:08.566, 6.54579e+1, 0.00000e+0, 5.51865e+2, 0.00000e+0, 5.16214e+4, 0.00000e+0, 6.90208e+1, 0.00000e+0, 5.81904e+2, 0.00000e+0, 5.00141e+2, 0.00000e+0, 3.89862e+1, 0.00000e+0, 4.12479e+1, 0.00000e+0, 3.47020e+0, 0.00000e+0, 3.03399e+0, 0.00000e+0, 0.00000e+0, -2.95235e-1, 0.00000e+0, -4.91090e+0, 0.00000e+0, 9.90001e-2, 0.00000e+0, 4.55087e+0, 0.00000e+0, 5.65993e+1, 0.00000e+0, 2.00000e+1, 2.00000e+1, 3, 3, 
2023/07/24 22:37:18.759, 6.52125e+1, 0.00000e+0, 5.51187e+2, 0.00000e+0, 5.17623e+4, 0.00000e+0, 6.87723e+1, 0.00000e+0, 5.81276e+2, 0.00000e+0, 5.00175e+2, 0.00000e+0, 3.89810e+1, 0.00000e+0, 4.12512e+1, 0.00000e+0, 3.47008e+0, 0.00000e+0, 3.03434e+0, 0.00000e+0, 0.00000e+0, -2.95248e-1, 0.00000e+0, -4.91090e+0, 0.00000e+0, 9.81065e-2, 0.00000e+0, 4.54977e+0, 0.00000e+0, 5.65338e+1, 0.00000e+0, 2.00000e+1, 2.00000e+1, 3, 4, 
2023/07/24 22:37:28.870, 6.48653e+1, 0.00000e+0, 5.50394e+2, 0.00000e+0, 5.17918e+4, 0.00000e+0, 6.84083e+1, 0.00000e+0, 5.80457e+2, 0.00000e+0, 5.00150e+2, 0.00000e+0, 3.89782e+1, 0.00000e+0, 4.12578e+1, 0.00000e+0, 3.46943e+0, 0.00000e+0, 3.03401e+0, 0.00000e+0, 0.00000e+0, -2.95262e-1, 0.00000e+0, -4.91090e+0, 0.00000e+0, 9.88826e-2, 0.00000e+0, 4.54839e+0, 0.00000e+0, 5.64519e+1, 0.00000e+0, 2.00000e+1, 2.00000e+1, 3, 5, 
2023/07/24 22:37:39.060, 6.43936e+1, 0.00000e+0, 5.49144e+2, 0.00000e+0, 5.18871e+4, 0.00000e+0, 6.79177e+1, 0.00000e+0, 5.79197e+2, 0.00000e+0, 5.00215e+2, 0.00000e+0, 3.89799e+1, 0.00000e+0, 4.12689e+1, 0.00000e+0, 3.46888e+0, 0.00000e+0, 3.03405e+0, 0.00000e+0, 0.00000e+0, -2.95275e-1, 0.00000e+0, -4.91090e+0, 0.00000e+0, 9.81740e-2, 0.00000e+0, 4.54696e+0, 0.00000e+0, 5.63669e+1, 0.00000e+0, 2.00000e+1, 2.00000e+1, 3, 6, 
2023/07/24 22:37:49.175, 6.40764e+1, 0.00000e+0, 5.48451e+2, 0.00000e+0, 5.19884e+4, 0.00000e+0, 6.75903e+1, 0.00000e+0, 5.78528e+2, 0.00000e+0, 5.00243e+2, 0.00000e+0, 3.89729e+1, 0.00000e+0, 4.12642e+1, 0.00000e+0, 3.46805e+0, 0.00000e+0, 3.03400e+0, 0.00000e+0, 0.00000e+0, -2.95289e-1, 0.00000e+0, -4.91090e+0, 0.00000e+0, 9.87362e-2, 0.00000e+0, 4.54605e+0, 0.00000e+0, 5.63124e+1, 0.00000e+0, 2.00000e+1, 2.00000e+1, 3, 7, 
2023/07/24 22:37:59.357, 6.36776e+1, 0.00000e+0, 5.47709e+2, 0.00000e+0, 5.20332e+4, 0.00000e+0, 6.71728e+1, 0.00000e+0, 5.77772e+2, 0.00000e+0, 5.00237e+2, 0.00000e+0, 3.89713e+1, 0.00000e+0, 4.12719e+1, 0.00000e+0, 3.46788e+0, 0.00000e+0, 3.03380e+0, 0.00000e+0, 0.00000e+0, -2.95302e-1, 0.00000e+0, -4.91090e+0, 0.00000e+0, 9.83091e-2, 0.00000e+0, 4.54448e+0, 0.00000e+0, 5.62192e+1, 0.00000e+0, 2.00000e+1, 2.00000e+1, 3, 8, 
2023/07/24 22:38:09.478, 6.33654e+1, 0.00000e+0, 5.47474e+2, 0.00000e+0, 5.19749e+4, 0.00000e+0, 6.68393e+1, 0.00000e+0, 5.77489e+2, 0.00000e+0, 5.00204e+2, 0.00000e+0, 3.89655e+1, 0.00000e+0, 4.12913e+1, 0.00000e+0, 3.46750e+0, 0.00000e+0, 3.03407e+0, 0.00000e+0, 0.00000e+0, -2.95314e-1, 0.00000e+0, -4.91090e+0, 0.00000e+0, 9.88142e-2, 0.00000e+0, 4.54329e+0, 0.00000e+0, 5.61484e+1, 0.00000e+0, 2.00000e+1, 2.00000e+1, 3, 1, 
2023/07/24 22:38:19.656, 6.29823e+1, 0.00000e+0, 5.46615e+2, 0.00000e+0, 5.19325e+4, 0.00000e+0, 6.64323e+1, 0.00000e+0, 5.76557e+2, 0.00000e+0, 5.00157e+2, 0.00000e+0, 3.89608e+1, 0.00000e+0, 4.12932e+1, 0.00000e+0, 3.46661e+0, 0.00000e+0, 3.03425e+0, 0.00000e+0, 0.00000e+0, -2.95328e-1, 0.00000e+0, -4.91090e+0, 0.00000e+0, 9.82511e-2, 0.00000e+0, 4.54175e+0, 0.00000e+0, 5.60568e+1, 0.00000e+0, 2.00000e+1, 2.00000e+1, 3, 2, 
2023/07/24 22:38:29.789, 6.25568e+1, 0.00000e+0, 5.45578e+2, 0.00000e+0, 5.19792e+4, 0.00000e+0, 6.59868e+1, 0.00000e+0, 5.75491e+2, 0.00000e+0, 5.00145e+2, 0.00000e+0, 3.89583e+1, 0.00000e+0, 4.12953e+1, 0.00000e+0, 3.46620e+0, 0.00000e+0, 3.03401e+0, 0.00000e+0, 0.00000e+0, -2.95341e-1, 0.00000e+0, -4.91090e+0, 0.00000e+0, 9.86582e-2, 0.00000e+0, 4.54007e+0, 0.00000e+0, 5.59568e+1, 0.00000e+0, 2.00000e+1, 2.00000e+1, 3, 3, 
2023/07/24 22:38:39.961, 6.20890e+1, 0.00000e+0, 5.44406e+2, 0.00000e+0, 5.21261e+4, 0.00000e+0, 6.55034e+1, 0.00000e+0, 5.74344e+2, 0.00000e+0, 5.00198e+2, 0.00000e+0, 3.89538e+1, 0.00000e+0, 4.12992e+1, 0.00000e+0, 3.46542e+0, 0.00000e+0, 3.03423e+0, 0.00000e+0, 0.00000e+0, -2.95352e-1, 0.00000e+0, -4.91090e+0, 0.00000e+0, 9.83768e-2, 0.00000e+0, 4.53917e+0, 0.00000e+0, 5.59032e+1, 0.00000e+0, 2.00000e+1, 2.00000e+1, 3, 4, 
2023/07/24 22:38:50.155, 6.15717e+1, 0.00000e+0, 5.43122e+2, 0.00000e+0, 5.21975e+4, 0.00000e+0, 6.49626e+1, 0.00000e+0, 5.73033e+2, 0.00000e+0, 5.00231e+2, 0.00000e+0, 3.89553e+1, 0.00000e+0, 4.12965e+1, 0.00000e+0, 3.46486e+0, 0.00000e+0, 3.03409e+0, 0.00000e+0, 0.00000e+0, -2.95366e-1, 0.00000e+0, -4.91090e+0, 0.00000e+0, 9.80969e-2, 0.00000e+0, 4.53820e+0, 0.00000e+0, 5.58452e+1, 0.00000e+0, 2.00000e+1, 2.00000e+1, 3, 5, 
2023/07/24 22:39:00.262, 6.11492e+1, 0.00000e+0, 5.41622e+2, 0.00000e+0, 5.25407e+4, 0.00000e+0, 6.45401e+1, 0.00000e+0, 5.71658e+2, 0.00000e+0, 5.00244e+2, 0.00000e+0, 3.89491e+1, 0.00000e+0, 4.12919e+1, 0.00000e+0, 3.46393e+0, 0.00000e+0, 3.03383e+0, 0.00000e+0, 0.00000e+0, -2.95380e-1, 0.00000e+0, -4.91090e+0, 0.00000e+0, 9.89120e-2, 0.00000e+0, 4.53692e+0, 0.00000e+0, 5.57692e+1, 0.00000e+0, 2.00000e+1, 2.00000e+1, 3, 6, 
2023/07/24 22:39:10.460, 6.06919e+1, 0.00000e+0, 5.40451e+2, 0.00000e+0, 5.25838e+4, 0.00000e+0, 6.40604e+1, 0.00000e+0, 5.70447e+2, 0.00000e+0, 5.00191e+2, 0.00000e+0, 3.89485e+1, 0.00000e+0, 4.12902e+1, 0.00000e+0, 3.46333e+0, 0.00000e+0, 3.03432e+0, 0.00000e+0, 0.00000e+0, -2.95394e-1, 0.00000e+0, -4.91090e+0, 0.00000e+0, 9.80681e-2, 0.00000e+0, 4.53518e+0, 0.00000e+0, 5.56657e+1, 0.00000e+0, 2.00000e+1, 2.00000e+1, 3, 7, 
2023/07/24 22:39:20.561, 6.04794e+1, 0.00000e+0, 5.40576e+2, 0.00000e+0, 5.24959e+4, 0.00000e+0, 6.38302e+1, 0.00000e+0, 5.70527e+2, 0.00000e+0, 5.00169e+2, 0.00000e+0, 3.89455e+1, 0.00000e+0, 4.12773e+1, 0.00000e+0, 3.46303e+0, 0.00000e+0, 3.03421e+0, 0.00000e+0, 0.00000e+0, -2.95409e-1, 0.00000e+0, -4.91090e+0, 0.00000e+0, 9.90786e-2, 0.00000e+0, 4.53379e+0, 0.00000e+0, 5.55828e+1, 0.00000e+0, 2.00000e+1, 2.00000e+1, 3, 8, 
2023/07/24 22:39:30.756, 6.01635e+1, 0.00000e+0, 5.39829e+2, 0.00000e+0, 5.24573e+4, 0.00000e+0, 6.34943e+1, 0.00000e+0, 5.69714e+2, 0.00000e+0, 5.00167e+2, 0.00000e+0, 3.89457e+1, 0.00000e+0, 4.12941e+1, 0.00000e+0, 3.46274e+0, 0.00000e+0, 3.03420e+0, 0.00000e+0, 0.00000e+0, -2.95423e-1, 0.00000e+0, -4.91090e+0, 0.00000e+0, 9.80584e-2, 0.00000e+0, 4.53260e+0, 0.00000e+0, 5.55118e+1, 0.00000e+0, 2.00000e+1, 2.00000e+1, 3, 1, 
2023/07/24 22:39:40.860, 5.98552e+1, 0.00000e+0, 5.39179e+2, 0.00000e+0, 5.25234e+4, 0.00000e+0, 6.31733e+1, 0.00000e+0, 5.69068e+2, 0.00000e+0, 5.00183e+2, 0.00000e+0, 3.89442e+1, 0.00000e+0, 4.13185e+1, 0.00000e+0, 3.46215e+0, 0.00000e+0, 3.03397e+0, 0.00000e+0, 0.00000e+0, -2.95437e-1, 0.00000e+0, -4.91090e+0, 0.00000e+0, 9.89707e-2, 0.00000e+0, 4.53151e+0, 0.00000e+0, 5.54472e+1, 0.00000e+0, 2.00000e+1, 2.00000e+1, 3, 2, 
2023/07/24 22:39:51.056, 5.94234e+1, 0.00000e+0, 5.38685e+2, 0.00000e+0, 5.26107e+4, 0.00000e+0, 6.27233e+1, 0.00000e+0, 5.68599e+2, 0.00000e+0, 5.00186e+2, 0.00000e+0, 3.89414e+1, 0.00000e+0, 4.13119e+1, 0.00000e+0, 3.46147e+0, 0.00000e+0, 3.03411e+0, 0.00000e+0, 0.00000e+0, -2.95452e-1, 0.00000e+0, -4.91090e+0, 0.00000e+0, 9.81258e-2, 0.00000e+0, 4.52998e+0, 0.00000e+0, 5.53558e+1, 0.00000e+0, 2.00000e+1, 2.00000e+1, 3, 3, 
2023/07/24 22:40:01.165, 5.90343e+1, 0.00000e+0, 5.38019e+2, 0.00000e+0, 5.25882e+4, 0.00000e+0, 6.23111e+1, 0.00000e+0, 5.67883e+2, 0.00000e+0, 5.00189e+2, 0.00000e+0, 3.89375e+1, 0.00000e+0, 4.13230e+1, 0.00000e+0, 3.46047e+0, 0.00000e+0, 3.03392e+0, 0.00000e+0, 0.00000e+0, -2.95467e-1, 0.00000e+0, -4.91090e+0, 0.00000e+0, 9.89022e-2, 0.00000e+0, 4.52845e+0, 0.00000e+0, 5.52650e+1, 0.00000e+0, 2.00000e+1, 2.00000e+1, 3, 4, 
2023/07/24 22:40:11.365, 5.86772e+1, 0.00000e+0, 5.37309e+2, 0.00000e+0, 5.26188e+4, 0.00000e+0, 6.19362e+1, 0.00000e+0, 5.67152e+2, 0.00000e+0, 5.00206e+2, 0.00000e+0, 3.89376e+1, 0.00000e+0, 4.13248e+1, 0.00000e+0, 3.46006e+0, 0.00000e+0, 3.03430e+0, 0.00000e+0, 0.00000e+0, -2.95467e-1, 0.00000e+0, -4.91090e+0, 0.00000e+0, 9.80681e-2, 0.00000e+0, 4.52668e+0, 0.00000e+0, 5.51592e+1, 0.00000e+0, 2.00000e+1, 2.00000e+1, 3, 5, 
2023/07/24 22:40:21.469, 5.82735e+1, 0.00000e+0, 5.36509e+2, 0.00000e+0, 5.26044e+4, 0.00000e+0, 6.15092e+1, 0.00000e+0, 5.66299e+2, 0.00000e+0, 5.00255e+2, 0.00000e+0, 3.89363e+1, 0.00000e+0, 4.13178e+1, 0.00000e+0, 3.45932e+0, 0.00000e+0, 3.03386e+0, 0.00000e+0, 0.00000e+0, -2.95467e-1, 0.00000e+0, -4.91090e+0, 0.00000e+0, 9.89805e-2, 0.00000e+0, 4.52538e+0, 0.00000e+0, 5.50824e+1, 0.00000e+0, 2.00000e+1, 2.00000e+1, 3, 6, 

