SN:3K430000012749 BD:Apr 19 2021 VC:7d9ffae MD5:34e03199e6006f2831fb02c414d62259
                     Time,      [CH4]_ppm,   [CH4]_ppm_sd,      [CO2]_ppm,   [CO2]_ppm_sd,      [H2O]_ppm,   [H2O]_ppm_sd,     [CH4]d_ppm,  [CH4]d_ppm_sd,     [CO2]d_ppm,  [CO2]d_ppm_sd,      GasP_torr,   GasP_torr_sd,         GasT_C,      GasT_C_sd,         AmbT_C,      AmbT_C_sd,         RD0_us,      RD0_us_sd,         RD1_us,      RD1_us_sd,     RD0_raw_us,         LTC0_v,      LTC0_v_sd,         LTC1_v,      LTC1_v_sd,             HZ,          HZ_sd,         Batt_v,      Batt_v_sd,        BattPer,     BattPer_sd, Temp_Status_mA,Analyzer_Status_mA,       Fit_Flag,      MIU_VALVE,       MIU_DESC
2023/07/24 19:08:20.868, 4.24415e+2, 0.00000e+0, 6.28320e+2, 0.00000e+0, 3.39523e+4, 0.00000e+0, 4.39332e+2, 0.00000e+0, 6.50403e+2, 0.00000e+0, 5.00452e+2, 0.00000e+0, 3.69927e+1, 0.00000e+0, 3.95740e+1, 0.00000e+0, 3.95681e+0, 0.00000e+0, 3.03487e+0, 0.00000e+0, 0.00000e+0, -2.95720e-1, 0.00000e+0, -4.91228e+0, 0.00000e+0, 9.83187e-2, 0.00000e+0, 4.98724e+0, 0.00000e+0, 8.25738e+1, 0.00000e+0, 2.00000e+1, 2.00000e+1, 3, 5, 
2023/07/24 19:08:31.063, 4.24067e+2, 0.00000e+0, 6.28084e+2, 0.00000e+0, 3.39479e+4, 0.00000e+0, 4.38969e+2, 0.00000e+0, 6.50155e+2, 0.00000e+0, 5.00442e+2, 0.00000e+0, 3.69903e+1, 0.00000e+0, 3.95512e+1, 0.00000e+0, 3.95632e+0, 0.00000e+0, 3.03522e+0, 0.00000e+0, 0.00000e+0, -2.95720e-1, 0.00000e+0, -4.91228e+0, 0.00000e+0, 9.80873e-2, 0.00000e+0, 4.98608e+0, 0.00000e+0, 8.25049e+1, 0.00000e+0, 2.00000e+1, 2.00000e+1, 3, 6, 
2023/07/24 19:08:41.170, 4.23708e+2, 0.00000e+0, 6.28180e+2, 0.00000e+0, 3.39514e+4, 0.00000e+0, 4.38599e+2, 0.00000e+0, 6.50257e+2, 0.00000e+0, 5.00456e+2, 0.00000e+0, 3.69840e+1, 0.00000e+0, 3.95750e+1, 0.00000e+0, 3.95577e+0, 0.00000e+0, 3.03518e+0, 0.00000e+0, 0.00000e+0, -2.95720e-1, 0.00000e+0, -4.91228e+0, 0.00000e+0, 9.90197e-2, 0.00000e+0, 4.98483e+0, 0.00000e+0, 8.24305e+1, 0.00000e+0, 2.00000e+1, 2.00000e+1, 3, 7, 
2023/07/24 19:08:51.367, 4.23347e+2, 0.00000e+0, 6.28199e+2, 0.00000e+0, 3.39456e+4, 0.00000e+0, 4.38223e+2, 0.00000e+0, 6.50273e+2, 0.00000e+0, 5.00488e+2, 0.00000e+0, 3.69804e+1, 0.00000e+0, 3.95728e+1, 0.00000e+0, 3.95508e+0, 0.00000e+0, 3.03513e+0, 0.00000e+0, 0.00000e+0, -2.95720e-1, 0.00000e+0, -4.91228e+0, 0.00000e+0, 9.79432e-2, 0.00000e+0, 4.98358e+0, 0.00000e+0, 8.23560e+1, 0.00000e+0, 2.00000e+1, 2.00000e+1, 3, 8, 
2023/07/24 19:09:01.467, 4.23008e+2, 0.00000e+0, 6.28196e+2, 0.00000e+0, 3.39318e+4, 0.00000e+0, 4.37865e+2, 0.00000e+0, 6.50260e+2, 0.00000e+0, 5.00541e+2, 0.00000e+0, 3.69818e+1, 0.00000e+0, 3.95596e+1, 0.00000e+0, 3.95457e+0, 0.00000e+0, 3.03530e+0, 0.00000e+0, 0.00000e+0, -2.95720e-1, 0.00000e+0, -4.91228e+0, 0.00000e+0, 9.91375e-2, 0.00000e+0, 4.98299e+0, 0.00000e+0, 8.23207e+1, 0.00000e+0, 2.00000e+1, 2.00000e+1, 3, 1, 
2023/07/24 19:09:11.669, 4.22551e+2, 0.00000e+0, 6.28441e+2, 0.00000e+0, 3.38203e+4, 0.00000e+0, 4.37342e+2, 0.00000e+0, 6.50439e+2, 0.00000e+0, 5.00507e+2, 0.00000e+0, 3.69769e+1, 0.00000e+0, 3.95740e+1, 0.00000e+0, 3.95511e+0, 0.00000e+0, 3.03512e+0, 0.00000e+0, 0.00000e+0, -2.95720e-1, 0.00000e+0, -4.91228e+0, 0.00000e+0, 9.80200e-2, 0.00000e+0, 4.98154e+0, 0.00000e+0, 8.22344e+1, 0.00000e+0, 2.00000e+1, 2.00000e+1, 3, 2, 
2023/07/24 19:09:21.770, 4.22265e+2, 0.00000e+0, 6.28797e+2, 0.00000e+0, 3.37184e+4, 0.00000e+0, 4.37000e+2, 0.00000e+0, 6.50739e+2, 0.00000e+0, 5.00497e+2, 0.00000e+0, 3.69746e+1, 0.00000e+0, 3.95554e+1, 0.00000e+0, 3.95449e+0, 0.00000e+0, 3.03515e+0, 0.00000e+0, 0.00000e+0, -2.95720e-1, 0.00000e+0, -4.91228e+0, 0.00000e+0, 9.89511e-2, 0.00000e+0, 4.97995e+0, 0.00000e+0, 8.21401e+1, 0.00000e+0, 2.00000e+1, 2.00000e+1, 3, 3, 
2023/07/24 19:09:31.965, 4.21975e+2, 0.00000e+0, 6.28849e+2, 0.00000e+0, 3.36674e+4, 0.00000e+0, 4.36677e+2, 0.00000e+0, 6.50758e+2, 0.00000e+0, 5.00463e+2, 0.00000e+0, 3.69731e+1, 0.00000e+0, 3.95392e+1, 0.00000e+0, 3.95435e+0, 0.00000e+0, 3.03508e+0, 0.00000e+0, 0.00000e+0, -2.95720e-1, 0.00000e+0, -4.91228e+0, 0.00000e+0, 9.81643e-2, 0.00000e+0, 4.97869e+0, 0.00000e+0, 8.20648e+1, 0.00000e+0, 2.00000e+1, 2.00000e+1, 3, 4, 
2023/07/24 19:09:42.072, 4.21582e+2, 0.00000e+0, 6.28716e+2, 0.00000e+0, 3.37154e+4, 0.00000e+0, 4.36292e+2, 0.00000e+0, 6.50654e+2, 0.00000e+0, 5.00447e+2, 0.00000e+0, 3.69664e+1, 0.00000e+0, 3.95251e+1, 0.00000e+0, 3.95429e+0, 0.00000e+0, 3.03505e+0, 0.00000e+0, 0.00000e+0, -2.95720e-1, 0.00000e+0, -4.91228e+0, 0.00000e+0, 9.89315e-2, 0.00000e+0, 4.97743e+0, 0.00000e+0, 8.19899e+1, 0.00000e+0, 2.00000e+1, 2.00000e+1, 3, 5, 
2023/07/24 19:09:52.264, 4.21209e+2, 0.00000e+0, 6.28782e+2, 0.00000e+0, 3.36964e+4, 0.00000e+0, 4.35897e+2, 0.00000e+0, 6.50709e+2, 0.00000e+0, 5.00468e+2, 0.00000e+0, 3.69682e+1, 0.00000e+0, 3.95000e+1, 0.00000e+0, 3.95380e+0, 0.00000e+0, 3.03505e+0, 0.00000e+0, 0.00000e+0, -2.95720e-1, 0.00000e+0, -4.91228e+0, 0.00000e+0, 9.80969e-2, 0.00000e+0, 4.97604e+0, 0.00000e+0, 8.19074e+1, 0.00000e+0, 2.00000e+1, 2.00000e+1, 3, 6, 
2023/07/24 19:10:02.376, 4.20785e+2, 0.00000e+0, 6.28759e+2, 0.00000e+0, 3.37369e+4, 0.00000e+0, 4.35476e+2, 0.00000e+0, 6.50712e+2, 0.00000e+0, 5.00524e+2, 0.00000e+0, 3.69659e+1, 0.00000e+0, 3.94991e+1, 0.00000e+0, 3.95335e+0, 0.00000e+0, 3.03468e+0, 0.00000e+0, 0.00000e+0, -2.95720e-1, 0.00000e+0, -4.91228e+0, 0.00000e+0, 9.89022e-2, 0.00000e+0, 4.97504e+0, 0.00000e+0, 8.18477e+1, 0.00000e+0, 2.00000e+1, 2.00000e+1, 3, 7, 
2023/07/24 19:10:12.566, 4.20390e+2, 0.00000e+0, 6.28634e+2, 0.00000e+0, 3.37489e+4, 0.00000e+0, 4.35073e+2, 0.00000e+0, 6.50590e+2, 0.00000e+0, 5.00548e+2, 0.00000e+0, 3.69618e+1, 0.00000e+0, 3.95336e+1, 0.00000e+0, 3.95286e+0, 0.00000e+0, 3.03542e+0, 0.00000e+0, 0.00000e+0, -2.95720e-1, 0.00000e+0, -4.91228e+0, 0.00000e+0, 9.80969e-2, 0.00000e+0, 4.97393e+0, 0.00000e+0, 8.17818e+1, 0.00000e+0, 2.00000e+1, 2.00000e+1, 3, 8, 
2023/07/24 19:10:22.681, 4.19979e+2, 0.00000e+0, 6.28468e+2, 0.00000e+0, 3.38042e+4, 0.00000e+0, 4.34673e+2, 0.00000e+0, 6.50456e+2, 0.00000e+0, 5.00539e+2, 0.00000e+0, 3.69590e+1, 0.00000e+0, 3.95097e+1, 0.00000e+0, 3.95243e+0, 0.00000e+0, 3.03526e+0, 0.00000e+0, 0.00000e+0, -2.95720e-1, 0.00000e+0, -4.91228e+0, 0.00000e+0, 9.88631e-2, 0.00000e+0, 4.97264e+0, 0.00000e+0, 8.17047e+1, 0.00000e+0, 2.00000e+1, 2.00000e+1, 3, 1, 
2023/07/24 19:10:32.864, 4.19658e+2, 0.00000e+0, 6.28519e+2, 0.00000e+0, 3.37859e+4, 0.00000e+0, 4.34332e+2, 0.00000e+0, 6.50497e+2, 0.00000e+0, 5.00532e+2, 0.00000e+0, 3.69543e+1, 0.00000e+0, 3.95039e+1, 0.00000e+0, 3.95190e+0, 0.00000e+0, 3.03504e+0, 0.00000e+0, 0.00000e+0, -2.95720e-1, 0.00000e+0, -4.91228e+0, 0.00000e+0, 9.82318e-2, 0.00000e+0, 4.97126e+0, 0.00000e+0, 8.16228e+1, 0.00000e+0, 2.00000e+1, 2.00000e+1, 3, 2, 
2023/07/24 19:10:42.986, 4.19326e+2, 0.00000e+0, 6.28445e+2, 0.00000e+0, 3.38102e+4, 0.00000e+0, 4.33999e+2, 0.00000e+0, 6.50436e+2, 0.00000e+0, 5.00484e+2, 0.00000e+0, 3.69475e+1, 0.00000e+0, 3.94960e+1, 0.00000e+0, 3.95137e+0, 0.00000e+0, 3.03500e+0, 0.00000e+0, 0.00000e+0, -2.95720e-1, 0.00000e+0, -4.91228e+0, 0.00000e+0, 9.87654e-2, 0.00000e+0, 4.97029e+0, 0.00000e+0, 8.15651e+1, 0.00000e+0, 2.00000e+1, 2.00000e+1, 3, 3, 
2023/07/24 19:10:53.165, 4.18950e+2, 0.00000e+0, 6.28457e+2, 0.00000e+0, 3.37956e+4, 0.00000e+0, 4.33604e+2, 0.00000e+0, 6.50439e+2, 0.00000e+0, 5.00468e+2, 0.00000e+0, 3.69469e+1, 0.00000e+0, 3.95072e+1, 0.00000e+0, 3.95114e+0, 0.00000e+0, 3.03527e+0, 0.00000e+0, 0.00000e+0, -2.95720e-1, 0.00000e+0, -4.91228e+0, 0.00000e+0, 9.83284e-2, 0.00000e+0, 4.96891e+0, 0.00000e+0, 8.14825e+1, 0.00000e+0, 2.00000e+1, 2.00000e+1, 3, 4, 
2023/07/24 19:11:03.296, 4.18538e+2, 0.00000e+0, 6.28620e+2, 0.00000e+0, 3.37792e+4, 0.00000e+0, 4.33170e+2, 0.00000e+0, 6.50596e+2, 0.00000e+0, 5.00489e+2, 0.00000e+0, 3.69443e+1, 0.00000e+0, 3.94829e+1, 0.00000e+0, 3.95113e+0, 0.00000e+0, 3.03483e+0, 0.00000e+0, 0.00000e+0, -2.95720e-1, 0.00000e+0, -4.91228e+0, 0.00000e+0, 9.86582e-2, 0.00000e+0, 4.96786e+0, 0.00000e+0, 8.14205e+1, 0.00000e+0, 2.00000e+1, 2.00000e+1, 3, 5, 
2023/07/24 19:11:13.466, 4.18156e+2, 0.00000e+0, 6.28513e+2, 0.00000e+0, 3.38057e+4, 0.00000e+0, 4.32786e+2, 0.00000e+0, 6.50503e+2, 0.00000e+0, 5.00510e+2, 0.00000e+0, 3.69410e+1, 0.00000e+0, 3.94819e+1, 0.00000e+0, 3.95074e+0, 0.00000e+0, 3.03515e+0, 0.00000e+0, 0.00000e+0, -2.95720e-1, 0.00000e+0, -4.91228e+0, 0.00000e+0, 9.83478e-2, 0.00000e+0, 4.96648e+0, 0.00000e+0, 8.13378e+1, 0.00000e+0, 2.00000e+1, 2.00000e+1, 3, 6, 
2023/07/24 19:11:23.664, 4.17523e+2, 0.00000e+0, 6.27765e+2, 0.00000e+0, 3.41989e+4, 0.00000e+0, 4.32307e+2, 0.00000e+0, 6.49994e+2, 0.00000e+0, 5.00540e+2, 0.00000e+0, 3.69403e+1, 0.00000e+0, 3.94756e+1, 0.00000e+0, 3.94969e+0, 0.00000e+0, 3.03521e+0, 0.00000e+0, 0.00000e+0, -2.95720e-1, 0.00000e+0, -4.91228e+0, 0.00000e+0, 9.80584e-2, 0.00000e+0, 4.96503e+0, 0.00000e+0, 8.12518e+1, 0.00000e+0, 2.00000e+1, 2.00000e+1, 3, 7, 
2023/07/24 19:11:33.764, 4.17133e+2, 0.00000e+0, 6.27688e+2, 0.00000e+0, 3.42563e+4, 0.00000e+0, 4.31930e+2, 0.00000e+0, 6.49953e+2, 0.00000e+0, 5.00533e+2, 0.00000e+0, 3.69369e+1, 0.00000e+0, 3.94843e+1, 0.00000e+0, 3.94894e+0, 0.00000e+0, 3.03519e+0, 0.00000e+0, 0.00000e+0, -2.95720e-1, 0.00000e+0, -4.91228e+0, 0.00000e+0, 9.90295e-2, 0.00000e+0, 4.96348e+0, 0.00000e+0, 8.11596e+1, 0.00000e+0, 2.00000e+1, 2.00000e+1, 3, 8, 
2023/07/24 19:11:43.965, 4.16349e+2, 0.00000e+0, 6.26140e+2, 0.00000e+0, 3.50703e+4, 0.00000e+0, 4.31481e+2, 0.00000e+0, 6.48897e+2, 0.00000e+0, 5.00525e+2, 0.00000e+0, 3.69358e+1, 0.00000e+0, 3.94770e+1, 0.00000e+0, 3.94756e+0, 0.00000e+0, 3.03491e+0, 0.00000e+0, 0.00000e+0, -2.95720e-1, 0.00000e+0, -4.91228e+0, 0.00000e+0, 9.80104e-2, 0.00000e+0, 4.96196e+0, 0.00000e+0, 8.10690e+1, 0.00000e+0, 2.00000e+1, 2.00000e+1, 3, 1, 
2023/07/24 19:11:54.071, 4.15941e+2, 0.00000e+0, 6.25838e+2, 0.00000e+0, 3.52684e+4, 0.00000e+0, 4.31146e+2, 0.00000e+0, 6.48718e+2, 0.00000e+0, 5.00487e+2, 0.00000e+0, 3.69400e+1, 0.00000e+0, 3.94399e+1, 0.00000e+0, 3.94678e+0, 0.00000e+0, 3.03505e+0, 0.00000e+0, 0.00000e+0, -2.95720e-1, 0.00000e+0, -4.91228e+0, 0.00000e+0, 9.90001e-2, 0.00000e+0, 4.96100e+0, 0.00000e+0, 8.10118e+1, 0.00000e+0, 2.00000e+1, 2.00000e+1, 3, 2, 
2023/07/24 19:12:04.264, 4.15730e+2, 0.00000e+0, 6.26469e+2, 0.00000e+0, 3.50951e+4, 0.00000e+0, 4.30850e+2, 0.00000e+0, 6.49254e+2, 0.00000e+0, 5.00456e+2, 0.00000e+0, 3.69408e+1, 0.00000e+0, 3.94739e+1, 0.00000e+0, 3.94684e+0, 0.00000e+0, 3.03503e+0, 0.00000e+0, 0.00000e+0, -2.95720e-1, 0.00000e+0, -4.91228e+0, 0.00000e+0, 9.80777e-2, 0.00000e+0, 4.95997e+0, 0.00000e+0, 8.09506e+1, 0.00000e+0, 2.00000e+1, 2.00000e+1, 3, 3, 
2023/07/24 19:12:14.366, 4.15414e+2, 0.00000e+0, 6.26715e+2, 0.00000e+0, 3.50553e+4, 0.00000e+0, 4.30505e+2, 0.00000e+0, 6.49483e+2, 0.00000e+0, 5.00456e+2, 0.00000e+0, 3.69366e+1, 0.00000e+0, 3.94771e+1, 0.00000e+0, 3.94672e+0, 0.00000e+0, 3.03499e+0, 0.00000e+0, 0.00000e+0, -2.95720e-1, 0.00000e+0, -4.91228e+0, 0.00000e+0, 9.90393e-2, 0.00000e+0, 4.95929e+0, 0.00000e+0, 8.09099e+1, 0.00000e+0, 2.00000e+1, 2.00000e+1, 3, 4, 
2023/07/24 19:12:24.569, 4.15009e+2, 0.00000e+0, 6.26954e+2, 0.00000e+0, 3.49993e+4, 0.00000e+0, 4.30061e+2, 0.00000e+0, 6.49693e+2, 0.00000e+0, 5.00487e+2, 0.00000e+0, 3.69322e+1, 0.00000e+0, 3.94860e+1, 0.00000e+0, 3.94659e+0, 0.00000e+0, 3.03525e+0, 0.00000e+0, 0.00000e+0, -2.95720e-1, 0.00000e+0, -4.91228e+0, 0.00000e+0, 9.80200e-2, 0.00000e+0, 4.95855e+0, 0.00000e+0, 8.08662e+1, 0.00000e+0, 2.00000e+1, 2.00000e+1, 3, 5, 
2023/07/24 19:12:34.671, 4.14652e+2, 0.00000e+0, 6.27251e+2, 0.00000e+0, 3.49354e+4, 0.00000e+0, 4.29663e+2, 0.00000e+0, 6.49958e+2, 0.00000e+0, 5.00554e+2, 0.00000e+0, 3.69306e+1, 0.00000e+0, 3.94886e+1, 0.00000e+0, 3.94596e+0, 0.00000e+0, 3.03508e+0, 0.00000e+0, 0.00000e+0, -2.95720e-1, 0.00000e+0, -4.91228e+0, 0.00000e+0, 9.89903e-2, 0.00000e+0, 4.95746e+0, 0.00000e+0, 8.08011e+1, 0.00000e+0, 2.00000e+1, 2.00000e+1, 3, 6, 
2023/07/24 19:12:44.865, 4.14252e+2, 0.00000e+0, 6.27438e+2, 0.00000e+0, 3.48837e+4, 0.00000e+0, 4.29225e+2, 0.00000e+0, 6.50117e+2, 0.00000e+0, 5.00528e+2, 0.00000e+0, 3.69259e+1, 0.00000e+0, 3.95039e+1, 0.00000e+0, 3.94608e+0, 0.00000e+0, 3.03507e+0, 0.00000e+0, 0.00000e+0, -2.95720e-1, 0.00000e+0, -4.91228e+0, 0.00000e+0, 9.80392e-2, 0.00000e+0, 4.95641e+0, 0.00000e+0, 8.07385e+1, 0.00000e+0, 2.00000e+1, 2.00000e+1, 3, 7, 
2023/07/24 19:12:54.976, 4.13963e+2, 0.00000e+0, 6.27815e+2, 0.00000e+0, 3.48040e+4, 0.00000e+0, 4.28890e+2, 0.00000e+0, 6.50453e+2, 0.00000e+0, 5.00530e+2, 0.00000e+0, 3.69217e+1, 0.00000e+0, 3.95014e+1, 0.00000e+0, 3.94605e+0, 0.00000e+0, 3.03508e+0, 0.00000e+0, 0.00000e+0, -2.95720e-1, 0.00000e+0, -4.91228e+0, 0.00000e+0, 9.89218e-2, 0.00000e+0, 4.95528e+0, 0.00000e+0, 8.06713e+1, 0.00000e+0, 2.00000e+1, 2.00000e+1, 3, 8, 
2023/07/24 19:13:05.169, 4.13833e+2, 0.00000e+0, 6.28419e+2, 0.00000e+0, 3.46100e+4, 0.00000e+0, 4.28669e+2, 0.00000e+0, 6.50948e+2, 0.00000e+0, 5.00493e+2, 0.00000e+0, 3.69248e+1, 0.00000e+0, 3.94854e+1, 0.00000e+0, 3.94592e+0, 0.00000e+0, 3.03515e+0, 0.00000e+0, 0.00000e+0, -2.95720e-1, 0.00000e+0, -4.91228e+0, 0.00000e+0, 9.81547e-2, 0.00000e+0, 4.95372e+0, 0.00000e+0, 8.05787e+1, 0.00000e+0, 2.00000e+1, 2.00000e+1, 3, 1, 
2023/07/24 19:13:15.286, 4.13558e+2, 0.00000e+0, 6.28703e+2, 0.00000e+0, 3.44896e+4, 0.00000e+0, 4.28331e+2, 0.00000e+0, 6.51162e+2, 0.00000e+0, 5.00441e+2, 0.00000e+0, 3.69283e+1, 0.00000e+0, 3.94994e+1, 0.00000e+0, 3.94560e+0, 0.00000e+0, 3.03522e+0, 0.00000e+0, 0.00000e+0, -2.95720e-1, 0.00000e+0, -4.91228e+0, 0.00000e+0, 9.87947e-2, 0.00000e+0, 4.95288e+0, 0.00000e+0, 8.05287e+1, 0.00000e+0, 2.00000e+1, 2.00000e+1, 3, 2, 
2023/07/24 19:13:25.467, 4.13209e+2, 0.00000e+0, 6.28833e+2, 0.00000e+0, 3.44522e+4, 0.00000e+0, 4.27953e+2, 0.00000e+0, 6.51270e+2, 0.00000e+0, 5.00471e+2, 0.00000e+0, 3.69235e+1, 0.00000e+0, 3.95224e+1, 0.00000e+0, 3.94541e+0, 0.00000e+0, 3.03521e+0, 0.00000e+0, 0.00000e+0, -2.95720e-1, 0.00000e+0, -4.91228e+0, 0.00000e+0, 9.82511e-2, 0.00000e+0, 4.95188e+0, 0.00000e+0, 8.04691e+1, 0.00000e+0, 2.00000e+1, 2.00000e+1, 3, 3, 
2023/07/24 19:13:35.591, 4.12754e+2, 0.00000e+0, 6.28753e+2, 0.00000e+0, 3.44431e+4, 0.00000e+0, 4.27477e+2, 0.00000e+0, 6.51181e+2, 0.00000e+0, 5.00492e+2, 0.00000e+0, 3.69170e+1, 0.00000e+0, 3.95397e+1, 0.00000e+0, 3.94543e+0, 0.00000e+0, 3.03555e+0, 0.00000e+0, 0.00000e+0, -2.95720e-1, 0.00000e+0, -4.91228e+0, 0.00000e+0, 9.87557e-2, 0.00000e+0, 4.95096e+0, 0.00000e+0, 8.04144e+1, 0.00000e+0, 2.00000e+1, 2.00000e+1, 3, 4, 
2023/07/24 19:13:45.764, 4.12442e+2, 0.00000e+0, 6.28721e+2, 0.00000e+0, 3.44538e+4, 0.00000e+0, 4.27159e+2, 0.00000e+0, 6.51156e+2, 0.00000e+0, 5.00525e+2, 0.00000e+0, 3.69155e+1, 0.00000e+0, 3.95322e+1, 0.00000e+0, 3.94465e+0, 0.00000e+0, 3.03508e+0, 0.00000e+0, 0.00000e+0, -2.95720e-1, 0.00000e+0, -4.91228e+0, 0.00000e+0, 9.83091e-2, 0.00000e+0, 4.94955e+0, 0.00000e+0, 8.03303e+1, 0.00000e+0, 2.00000e+1, 2.00000e+1, 3, 5, 
2023/07/24 19:13:55.896, 4.12070e+2, 0.00000e+0, 6.28666e+2, 0.00000e+0, 3.44329e+4, 0.00000e+0, 4.26765e+2, 0.00000e+0, 6.51085e+2, 0.00000e+0, 5.00529e+2, 0.00000e+0, 3.69168e+1, 0.00000e+0, 3.95030e+1, 0.00000e+0, 3.94444e+0, 0.00000e+0, 3.03534e+0, 0.00000e+0, 0.00000e+0, -2.95720e-1, 0.00000e+0, -4.91228e+0, 0.00000e+0, 9.87069e-2, 0.00000e+0, 4.94837e+0, 0.00000e+0, 8.02599e+1, 0.00000e+0, 2.00000e+1, 2.00000e+1, 3, 6, 
2023/07/24 19:14:06.065, 4.11755e+2, 0.00000e+0, 6.28874e+2, 0.00000e+0, 3.43593e+4, 0.00000e+0, 4.26406e+2, 0.00000e+0, 6.51251e+2, 0.00000e+0, 5.00523e+2, 0.00000e+0, 3.69163e+1, 0.00000e+0, 3.95190e+1, 0.00000e+0, 3.94411e+0, 0.00000e+0, 3.03517e+0, 0.00000e+0, 0.00000e+0, -2.95720e-1, 0.00000e+0, -4.91228e+0, 0.00000e+0, 9.83961e-2, 0.00000e+0, 4.94723e+0, 0.00000e+0, 8.01922e+1, 0.00000e+0, 2.00000e+1, 2.00000e+1, 3, 7, 
2023/07/24 19:14:16.267, 4.11521e+2, 0.00000e+0, 6.28944e+2, 0.00000e+0, 3.43013e+4, 0.00000e+0, 4.26138e+2, 0.00000e+0, 6.51284e+2, 0.00000e+0, 5.00492e+2, 0.00000e+0, 3.69136e+1, 0.00000e+0, 3.95311e+1, 0.00000e+0, 3.94337e+0, 0.00000e+0, 3.03517e+0, 0.00000e+0, 0.00000e+0, -2.95720e-1, 0.00000e+0, -4.91228e+0, 0.00000e+0, 9.80008e-2, 0.00000e+0, 4.94575e+0, 0.00000e+0, 8.01043e+1, 0.00000e+0, 2.00000e+1, 2.00000e+1, 3, 8, 
2023/07/24 19:14:26.365, 4.11193e+2, 0.00000e+0, 6.28874e+2, 0.00000e+0, 3.43275e+4, 0.00000e+0, 4.25810e+2, 0.00000e+0, 6.51230e+2, 0.00000e+0, 5.00474e+2, 0.00000e+0, 3.69098e+1, 0.00000e+0, 3.95226e+1, 0.00000e+0, 3.94334e+0, 0.00000e+0, 3.03549e+0, 0.00000e+0, 0.00000e+0, -2.95720e-1, 0.00000e+0, -4.91228e+0, 0.00000e+0, 9.90197e-2, 0.00000e+0, 4.94455e+0, 0.00000e+0, 8.00325e+1, 0.00000e+0, 2.00000e+1, 2.00000e+1, 3, 1, 
2023/07/24 19:14:36.567, 4.10802e+2, 0.00000e+0, 6.28980e+2, 0.00000e+0, 3.42595e+4, 0.00000e+0, 4.25376e+2, 0.00000e+0, 6.51293e+2, 0.00000e+0, 5.00469e+2, 0.00000e+0, 3.69054e+1, 0.00000e+0, 3.94900e+1, 0.00000e+0, 3.94300e+0, 0.00000e+0, 3.03530e+0, 0.00000e+0, 0.00000e+0, -2.95720e-1, 0.00000e+0, -4.91228e+0, 0.00000e+0, 9.80200e-2, 0.00000e+0, 4.94349e+0, 0.00000e+0, 7.99699e+1, 0.00000e+0, 2.00000e+1, 2.00000e+1, 3, 2, 
2023/07/24 19:14:46.669, 4.10449e+2, 0.00000e+0, 6.28882e+2, 0.00000e+0, 3.42878e+4, 0.00000e+0, 4.25022e+2, 0.00000e+0, 6.51211e+2, 0.00000e+0, 5.00497e+2, 0.00000e+0, 3.69081e+1, 0.00000e+0, 3.95216e+1, 0.00000e+0, 3.94278e+0, 0.00000e+0, 3.03538e+0, 0.00000e+0, 0.00000e+0, -2.95720e-1, 0.00000e+0, -4.91228e+0, 0.00000e+0, 9.89707e-2, 0.00000e+0, 4.94228e+0, 0.00000e+0, 7.98975e+1, 0.00000e+0, 2.00000e+1, 2.00000e+1, 3, 3, 
2023/07/24 19:14:56.871, 4.10028e+2, 0.00000e+0, 6.28954e+2, 0.00000e+0, 3.42712e+4, 0.00000e+0, 4.24579e+2, 0.00000e+0, 6.51274e+2, 0.00000e+0, 5.00519e+2, 0.00000e+0, 3.69060e+1, 0.00000e+0, 3.95447e+1, 0.00000e+0, 3.94233e+0, 0.00000e+0, 3.03505e+0, 0.00000e+0, 0.00000e+0, -2.95720e-1, 0.00000e+0, -4.91228e+0, 0.00000e+0, 9.80873e-2, 0.00000e+0, 4.94126e+0, 0.00000e+0, 7.98368e+1, 0.00000e+0, 2.00000e+1, 2.00000e+1, 3, 4, 
2023/07/24 19:15:06.972, 4.09119e+2, 0.00000e+0, 6.26856e+2, 0.00000e+0, 3.52174e+4, 0.00000e+0, 4.24053e+2, 0.00000e+0, 6.49738e+2, 0.00000e+0, 5.00531e+2, 0.00000e+0, 3.69060e+1, 0.00000e+0, 3.95456e+1, 0.00000e+0, 3.94095e+0, 0.00000e+0, 3.03530e+0, 0.00000e+0, 0.00000e+0, -2.95720e-1, 0.00000e+0, -4.91228e+0, 0.00000e+0, 9.89903e-2, 0.00000e+0, 4.94039e+0, 0.00000e+0, 7.97850e+1, 0.00000e+0, 2.00000e+1, 2.00000e+1, 3, 5, 
2023/07/24 19:15:17.166, 4.07936e+2, 0.00000e+0, 6.23342e+2, 0.00000e+0, 3.70094e+4, 0.00000e+0, 4.23613e+2, 0.00000e+0, 6.47299e+2, 0.00000e+0, 5.00542e+2, 0.00000e+0, 3.69011e+1, 0.00000e+0, 3.95183e+1, 0.00000e+0, 3.93678e+0, 0.00000e+0, 3.03509e+0, 0.00000e+0, 0.00000e+0, -2.95720e-1, 0.00000e+0, -4.91228e+0, 0.00000e+0, 9.81258e-2, 0.00000e+0, 4.93901e+0, 0.00000e+0, 7.97031e+1, 0.00000e+0, 2.00000e+1, 2.00000e+1, 3, 6, 
2023/07/24 19:15:27.276, 4.07855e+2, 0.00000e+0, 6.24538e+2, 0.00000e+0, 3.66825e+4, 0.00000e+0, 4.23386e+2, 0.00000e+0, 6.48320e+2, 0.00000e+0, 5.00507e+2, 0.00000e+0, 3.68984e+1, 0.00000e+0, 3.95220e+1, 0.00000e+0, 3.93699e+0, 0.00000e+0, 3.03488e+0, 0.00000e+0, 0.00000e+0, -2.95720e-1, 0.00000e+0, -4.91228e+0, 0.00000e+0, 9.88533e-2, 0.00000e+0, 4.93788e+0, 0.00000e+0, 7.96358e+1, 0.00000e+0, 2.00000e+1, 2.00000e+1, 3, 7, 
2023/07/24 19:15:37.465, 4.07587e+2, 0.00000e+0, 6.24896e+2, 0.00000e+0, 3.65661e+4, 0.00000e+0, 4.23057e+2, 0.00000e+0, 6.48613e+2, 0.00000e+0, 5.00475e+2, 0.00000e+0, 3.68980e+1, 0.00000e+0, 3.95436e+1, 0.00000e+0, 3.93714e+0, 0.00000e+0, 3.03481e+0, 0.00000e+0, 0.00000e+0, -2.95720e-1, 0.00000e+0, -4.91228e+0, 0.00000e+0, 9.81740e-2, 0.00000e+0, 4.93670e+0, 0.00000e+0, 7.95655e+1, 0.00000e+0, 2.00000e+1, 2.00000e+1, 3, 8, 
2023/07/24 19:15:47.580, 4.07338e+2, 0.00000e+0, 6.25339e+2, 0.00000e+0, 3.65046e+4, 0.00000e+0, 4.22771e+2, 0.00000e+0, 6.49031e+2, 0.00000e+0, 5.00465e+2, 0.00000e+0, 3.68976e+1, 0.00000e+0, 3.95321e+1, 0.00000e+0, 3.93666e+0, 0.00000e+0, 3.03513e+0, 0.00000e+0, 0.00000e+0, -2.95720e-1, 0.00000e+0, -4.91228e+0, 0.00000e+0, 9.88631e-2, 0.00000e+0, 4.93561e+0, 0.00000e+0, 7.95005e+1, 0.00000e+0, 2.00000e+1, 2.00000e+1, 3, 1, 
2023/07/24 19:15:57.767, 4.06974e+2, 0.00000e+0, 6.25747e+2, 0.00000e+0, 3.63868e+4, 0.00000e+0, 4.22342e+2, 0.00000e+0, 6.49376e+2, 0.00000e+0, 5.00486e+2, 0.00000e+0, 3.68985e+1, 0.00000e+0, 3.95231e+1, 0.00000e+0, 3.93677e+0, 0.00000e+0, 3.03528e+0, 0.00000e+0, 0.00000e+0, -2.95720e-1, 0.00000e+0, -4.91228e+0, 0.00000e+0, 9.81932e-2, 0.00000e+0, 4.93436e+0, 0.00000e+0, 7.94264e+1, 0.00000e+0, 2.00000e+1, 2.00000e+1, 3, 2, 
2023/07/24 19:16:07.886, 4.06502e+2, 0.00000e+0, 6.26216e+2, 0.00000e+0, 3.63253e+4, 0.00000e+0, 4.21825e+2, 0.00000e+0, 6.49821e+2, 0.00000e+0, 5.00532e+2, 0.00000e+0, 3.69010e+1, 0.00000e+0, 3.95286e+1, 0.00000e+0, 3.93702e+0, 0.00000e+0, 3.03472e+0, 0.00000e+0, 0.00000e+0, -2.95720e-1, 0.00000e+0, -4.91228e+0, 0.00000e+0, 9.87752e-2, 0.00000e+0, 4.93288e+0, 0.00000e+0, 7.93378e+1, 0.00000e+0, 2.00000e+1, 2.00000e+1, 3, 3, 
2023/07/24 19:16:18.067, 4.06245e+2, 0.00000e+0, 6.26306e+2, 0.00000e+0, 3.63283e+4, 0.00000e+0, 4.21560e+2, 0.00000e+0, 6.49916e+2, 0.00000e+0, 5.00544e+2, 0.00000e+0, 3.68965e+1, 0.00000e+0, 3.95480e+1, 0.00000e+0, 3.93649e+0, 0.00000e+0, 3.03515e+0, 0.00000e+0, 0.00000e+0, -2.95720e-1, 0.00000e+0, -4.91228e+0, 0.00000e+0, 9.82415e-2, 0.00000e+0, 4.93132e+0, 0.00000e+0, 7.92452e+1, 0.00000e+0, 2.00000e+1, 2.00000e+1, 3, 4, 
2023/07/24 19:16:28.197, 4.05910e+2, 0.00000e+0, 6.26823e+2, 0.00000e+0, 3.62444e+4, 0.00000e+0, 4.21176e+2, 0.00000e+0, 6.50396e+2, 0.00000e+0, 5.00536e+2, 0.00000e+0, 3.68974e+1, 0.00000e+0, 3.95554e+1, 0.00000e+0, 3.93633e+0, 0.00000e+0, 3.03505e+0, 0.00000e+0, 0.00000e+0, -2.95720e-1, 0.00000e+0, -4.91228e+0, 0.00000e+0, 9.87167e-2, 0.00000e+0, 4.92996e+0, 0.00000e+0, 7.91642e+1, 0.00000e+0, 2.00000e+1, 2.00000e+1, 3, 5, 
2023/07/24 19:16:38.366, 4.05725e+2, 0.00000e+0, 6.27315e+2, 0.00000e+0, 3.61810e+4, 0.00000e+0, 4.20956e+2, 0.00000e+0, 6.50863e+2, 0.00000e+0, 5.00476e+2, 0.00000e+0, 3.68972e+1, 0.00000e+0, 3.95682e+1, 0.00000e+0, 3.93621e+0, 0.00000e+0, 3.03514e+0, 0.00000e+0, 0.00000e+0, -2.95720e-1, 0.00000e+0, -4.91228e+0, 0.00000e+0, 9.83865e-2, 0.00000e+0, 4.92873e+0, 0.00000e+0, 7.90909e+1, 0.00000e+0, 2.00000e+1, 2.00000e+1, 3, 6, 
2023/07/24 19:16:48.567, 4.05484e+2, 0.00000e+0, 6.27859e+2, 0.00000e+0, 3.60751e+4, 0.00000e+0, 4.20660e+2, 0.00000e+0, 6.51357e+2, 0.00000e+0, 5.00436e+2, 0.00000e+0, 3.68951e+1, 0.00000e+0, 3.95865e+1, 0.00000e+0, 3.93600e+0, 0.00000e+0, 3.03508e+0, 0.00000e+0, 0.00000e+0, -2.95720e-1, 0.00000e+0, -4.91228e+0, 0.00000e+0, 9.80008e-2, 0.00000e+0, 4.92791e+0, 0.00000e+0, 7.90421e+1, 0.00000e+0, 2.00000e+1, 2.00000e+1, 3, 7, 
2023/07/24 19:16:58.667, 4.05197e+2, 0.00000e+0, 6.28251e+2, 0.00000e+0, 3.59671e+4, 0.00000e+0, 4.20315e+2, 0.00000e+0, 6.51690e+2, 0.00000e+0, 5.00427e+2, 0.00000e+0, 3.68989e+1, 0.00000e+0, 3.95667e+1, 0.00000e+0, 3.93591e+0, 0.00000e+0, 3.03510e+0, 0.00000e+0, 0.00000e+0, -2.95720e-1, 0.00000e+0, -4.91228e+0, 0.00000e+0, 9.90295e-2, 0.00000e+0, 4.92709e+0, 0.00000e+0, 7.89936e+1, 0.00000e+0, 2.00000e+1, 2.00000e+1, 3, 8, 
2023/07/24 19:17:08.869, 4.04764e+2, 0.00000e+0, 6.28091e+2, 0.00000e+0, 3.59359e+4, 0.00000e+0, 4.19852e+2, 0.00000e+0, 6.51503e+2, 0.00000e+0, 5.00464e+2, 0.00000e+0, 3.68932e+1, 0.00000e+0, 3.95687e+1, 0.00000e+0, 3.93597e+0, 0.00000e+0, 3.03553e+0, 0.00000e+0, 0.00000e+0, -2.95720e-1, 0.00000e+0, -4.91228e+0, 0.00000e+0, 9.80873e-2, 0.00000e+0, 4.92605e+0, 0.00000e+0, 7.89313e+1, 0.00000e+0, 2.00000e+1, 2.00000e+1, 3, 1, 
2023/07/24 19:17:18.970, 4.04423e+2, 0.00000e+0, 6.28085e+2, 0.00000e+0, 3.59159e+4, 0.00000e+0, 4.19489e+2, 0.00000e+0, 6.51483e+2, 0.00000e+0, 5.00510e+2, 0.00000e+0, 3.68906e+1, 0.00000e+0, 3.95728e+1, 0.00000e+0, 3.93495e+0, 0.00000e+0, 3.03525e+0, 0.00000e+0, 0.00000e+0, -2.95720e-1, 0.00000e+0, -4.91228e+0, 0.00000e+0, 9.89511e-2, 0.00000e+0, 4.92528e+0, 0.00000e+0, 7.88856e+1, 0.00000e+0, 2.00000e+1, 2.00000e+1, 3, 2, 
2023/07/24 19:17:29.164, 4.03944e+2, 0.00000e+0, 6.27918e+2, 0.00000e+0, 3.58977e+4, 0.00000e+0, 4.18984e+2, 0.00000e+0, 6.51299e+2, 0.00000e+0, 5.00504e+2, 0.00000e+0, 3.68920e+1, 0.00000e+0, 3.95708e+1, 0.00000e+0, 3.93523e+0, 0.00000e+0, 3.03535e+0, 0.00000e+0, 0.00000e+0, -2.95720e-1, 0.00000e+0, -4.91228e+0, 0.00000e+0, 9.81547e-2, 0.00000e+0, 4.92429e+0, 0.00000e+0, 7.88267e+1, 0.00000e+0, 2.00000e+1, 2.00000e+1, 3, 3, 
2023/07/24 19:17:39.273, 4.03671e+2, 0.00000e+0, 6.27870e+2, 0.00000e+0, 3.59311e+4, 0.00000e+0, 4.18716e+2, 0.00000e+0, 6.51271e+2, 0.00000e+0, 5.00497e+2, 0.00000e+0, 3.68917e+1, 0.00000e+0, 3.95885e+1, 0.00000e+0, 3.93508e+0, 0.00000e+0, 3.03533e+0, 0.00000e+0, 0.00000e+0, -2.95720e-1, 0.00000e+0, -4.91228e+0, 0.00000e+0, 9.89120e-2, 0.00000e+0, 4.92307e+0, 0.00000e+0, 7.87541e+1, 0.00000e+0, 2.00000e+1, 2.00000e+1, 3, 4, 
2023/07/24 19:17:49.462, 4.03418e+2, 0.00000e+0, 6.27927e+2, 0.00000e+0, 3.59714e+4, 0.00000e+0, 4.18471e+2, 0.00000e+0, 6.51357e+2, 0.00000e+0, 5.00480e+2, 0.00000e+0, 3.68919e+1, 0.00000e+0, 3.95902e+1, 0.00000e+0, 3.93443e+0, 0.00000e+0, 3.03531e+0, 0.00000e+0, 0.00000e+0, -2.95720e-1, 0.00000e+0, -4.91227e+0, 0.00000e+0, 9.80873e-2, 0.00000e+0, 4.92195e+0, 0.00000e+0, 7.86878e+1, 0.00000e+0, 2.00000e+1, 2.00000e+1, 3, 5, 
2023/07/24 19:17:59.577, 4.03171e+2, 0.00000e+0, 6.27989e+2, 0.00000e+0, 3.59337e+4, 0.00000e+0, 4.18198e+2, 0.00000e+0, 6.51396e+2, 0.00000e+0, 5.00420e+2, 0.00000e+0, 3.68902e+1, 0.00000e+0, 3.96098e+1, 0.00000e+0, 3.93401e+0, 0.00000e+0, 3.03524e+0, 0.00000e+0, 0.00000e+0, -2.95720e-1, 0.00000e+0, -4.91225e+0, 0.00000e+0, 9.88631e-2, 0.00000e+0, 4.92055e+0, 0.00000e+0, 7.86039e+1, 0.00000e+0, 2.00000e+1, 2.00000e+1, 3, 6, 
2023/07/24 19:18:09.766, 4.02826e+2, 0.00000e+0, 6.27946e+2, 0.00000e+0, 3.59218e+4, 0.00000e+0, 4.17836e+2, 0.00000e+0, 6.51343e+2, 0.00000e+0, 5.00405e+2, 0.00000e+0, 3.68888e+1, 0.00000e+0, 3.96248e+1, 0.00000e+0, 3.93342e+0, 0.00000e+0, 3.03553e+0, 0.00000e+0, 0.00000e+0, -2.95720e-1, 0.00000e+0, -4.91224e+0, 0.00000e+0, 9.81932e-2, 0.00000e+0, 4.91947e+0, 0.00000e+0, 7.85400e+1, 0.00000e+0, 2.00000e+1, 2.00000e+1, 3, 7, 

