SN:3K430000012749 BD:Apr 19 2021 VC:7d9ffae MD5:34e03199e6006f2831fb02c414d62259
                     Time,      [CH4]_ppm,   [CH4]_ppm_sd,      [CO2]_ppm,   [CO2]_ppm_sd,      [H2O]_ppm,   [H2O]_ppm_sd,     [CH4]d_ppm,  [CH4]d_ppm_sd,     [CO2]d_ppm,  [CO2]d_ppm_sd,      GasP_torr,   GasP_torr_sd,         GasT_C,      GasT_C_sd,         AmbT_C,      AmbT_C_sd,         RD0_us,      RD0_us_sd,         RD1_us,      RD1_us_sd,     RD0_raw_us,         LTC0_v,      LTC0_v_sd,         LTC1_v,      LTC1_v_sd,             HZ,          HZ_sd,         Batt_v,      Batt_v_sd,        BattPer,     BattPer_sd, Temp_Status_mA,Analyzer_Status_mA,       Fit_Flag,      MIU_VALVE,       MIU_DESC
2023/07/24 17:20:05.663, 7.00284e+2, 0.00000e+0, 5.64688e+2, 0.00000e+0, 2.62493e+4, 0.00000e+0, 7.19161e+2, 0.00000e+0, 5.79910e+2, 0.00000e+0, 5.00197e+2, 0.00000e+0, 4.01631e+1, 0.00000e+0, 4.32854e+1, 0.00000e+0, 4.16445e+0, 0.00000e+0, 3.03026e+0, 0.00000e+0, 0.00000e+0, -2.91210e-1, 0.00000e+0, -4.90923e+0, 0.00000e+0, 9.79720e-2, 0.00000e+0, 4.59825e+0, 0.00000e+0, 5.94198e+1, 0.00000e+0, 2.00000e+1, 1.70000e+1, 3, 4, 
2023/07/24 17:20:15.759, 7.00038e+2, 0.00000e+0, 5.65479e+2, 0.00000e+0, 2.59875e+4, 0.00000e+0, 7.18716e+2, 0.00000e+0, 5.80567e+2, 0.00000e+0, 5.00185e+2, 0.00000e+0, 4.01663e+1, 0.00000e+0, 4.32822e+1, 0.00000e+0, 4.16457e+0, 0.00000e+0, 3.03029e+0, 0.00000e+0, 0.00000e+0, -2.91210e-1, 0.00000e+0, -4.90923e+0, 0.00000e+0, 9.91080e-2, 0.00000e+0, 4.59708e+0, 0.00000e+0, 5.93500e+1, 0.00000e+0, 2.00000e+1, 1.70000e+1, 3, 5, 
2023/07/24 17:20:25.958, 6.99885e+2, 0.00000e+0, 5.66271e+2, 0.00000e+0, 2.57017e+4, 0.00000e+0, 7.18348e+2, 0.00000e+0, 5.81209e+2, 0.00000e+0, 5.00177e+2, 0.00000e+0, 4.01698e+1, 0.00000e+0, 4.32790e+1, 0.00000e+0, 4.16436e+0, 0.00000e+0, 3.02991e+0, 0.00000e+0, 0.00000e+0, -2.91210e-1, 0.00000e+0, -4.90923e+0, 0.00000e+0, 9.80584e-2, 0.00000e+0, 4.59595e+0, 0.00000e+0, 5.92827e+1, 0.00000e+0, 2.00000e+1, 1.70000e+1, 3, 6, 
2023/07/24 17:20:36.062, 6.99229e+2, 0.00000e+0, 5.66937e+2, 0.00000e+0, 2.54111e+4, 0.00000e+0, 7.17461e+2, 0.00000e+0, 5.81719e+2, 0.00000e+0, 5.00206e+2, 0.00000e+0, 4.01725e+1, 0.00000e+0, 4.32708e+1, 0.00000e+0, 4.16599e+0, 0.00000e+0, 3.03007e+0, 0.00000e+0, 0.00000e+0, -2.91210e-1, 0.00000e+0, -4.90923e+0, 0.00000e+0, 9.89707e-2, 0.00000e+0, 4.59479e+0, 0.00000e+0, 5.92136e+1, 0.00000e+0, 2.00000e+1, 1.70000e+1, 3, 7, 
2023/07/24 17:20:46.255, 6.98832e+2, 0.00000e+0, 5.67465e+2, 0.00000e+0, 2.51364e+4, 0.00000e+0, 7.16851e+2, 0.00000e+0, 5.82097e+2, 0.00000e+0, 5.00227e+2, 0.00000e+0, 4.01757e+1, 0.00000e+0, 4.32744e+1, 0.00000e+0, 4.16661e+0, 0.00000e+0, 3.03042e+0, 0.00000e+0, 0.00000e+0, -2.91210e-1, 0.00000e+0, -4.90923e+0, 0.00000e+0, 9.80873e-2, 0.00000e+0, 4.59351e+0, 0.00000e+0, 5.91372e+1, 0.00000e+0, 2.00000e+1, 1.70000e+1, 3, 8, 
2023/07/24 17:20:56.368, 6.98784e+2, 0.00000e+0, 5.68222e+2, 0.00000e+0, 2.48176e+4, 0.00000e+0, 7.16567e+2, 0.00000e+0, 5.82683e+2, 0.00000e+0, 5.00225e+2, 0.00000e+0, 4.01780e+1, 0.00000e+0, 4.32740e+1, 0.00000e+0, 4.16669e+0, 0.00000e+0, 3.03038e+0, 0.00000e+0, 0.00000e+0, -2.91210e-1, 0.00000e+0, -4.90923e+0, 0.00000e+0, 9.88533e-2, 0.00000e+0, 4.59235e+0, 0.00000e+0, 5.90682e+1, 0.00000e+0, 2.00000e+1, 1.70000e+1, 3, 1, 
2023/07/24 17:21:06.555, 6.98211e+2, 0.00000e+0, 5.68618e+2, 0.00000e+0, 2.46105e+4, 0.00000e+0, 7.15828e+2, 0.00000e+0, 5.82965e+2, 0.00000e+0, 5.00220e+2, 0.00000e+0, 4.01854e+1, 0.00000e+0, 4.32610e+1, 0.00000e+0, 4.16748e+0, 0.00000e+0, 3.03013e+0, 0.00000e+0, 0.00000e+0, -2.91210e-1, 0.00000e+0, -4.90923e+0, 0.00000e+0, 9.81836e-2, 0.00000e+0, 4.59089e+0, 0.00000e+0, 5.89815e+1, 0.00000e+0, 2.00000e+1, 1.70000e+1, 3, 2, 
2023/07/24 17:21:16.672, 6.97959e+2, 0.00000e+0, 5.68858e+2, 0.00000e+0, 2.44301e+4, 0.00000e+0, 7.15438e+2, 0.00000e+0, 5.83103e+2, 0.00000e+0, 5.00185e+2, 0.00000e+0, 4.01882e+1, 0.00000e+0, 4.32718e+1, 0.00000e+0, 4.16693e+0, 0.00000e+0, 3.03041e+0, 0.00000e+0, 0.00000e+0, -2.91210e-1, 0.00000e+0, -4.90923e+0, 0.00000e+0, 9.88240e-2, 0.00000e+0, 4.58953e+0, 0.00000e+0, 5.89004e+1, 0.00000e+0, 2.00000e+1, 1.70000e+1, 3, 3, 
2023/07/24 17:21:26.855, 6.97481e+2, 0.00000e+0, 5.68893e+2, 0.00000e+0, 2.43289e+4, 0.00000e+0, 7.14873e+2, 0.00000e+0, 5.83079e+2, 0.00000e+0, 5.00164e+2, 0.00000e+0, 4.01894e+1, 0.00000e+0, 4.32432e+1, 0.00000e+0, 4.16651e+0, 0.00000e+0, 3.03079e+0, 0.00000e+0, 0.00000e+0, -2.91210e-1, 0.00000e+0, -4.90923e+0, 0.00000e+0, 9.82415e-2, 0.00000e+0, 4.58835e+0, 0.00000e+0, 5.88301e+1, 0.00000e+0, 2.00000e+1, 1.70000e+1, 3, 4, 
2023/07/24 17:21:36.976, 6.96856e+2, 0.00000e+0, 5.69036e+2, 0.00000e+0, 2.42748e+4, 0.00000e+0, 7.14193e+2, 0.00000e+0, 5.83193e+2, 0.00000e+0, 5.00179e+2, 0.00000e+0, 4.01910e+1, 0.00000e+0, 4.32429e+1, 0.00000e+0, 4.16584e+0, 0.00000e+0, 3.03039e+0, 0.00000e+0, 0.00000e+0, -2.91219e-1, 0.00000e+0, -4.90924e+0, 0.00000e+0, 9.87167e-2, 0.00000e+0, 4.58677e+0, 0.00000e+0, 5.87361e+1, 0.00000e+0, 2.00000e+1, 1.70000e+1, 3, 5, 
2023/07/24 17:21:47.157, 6.96120e+2, 0.00000e+0, 5.68786e+2, 0.00000e+0, 2.43386e+4, 0.00000e+0, 7.13485e+2, 0.00000e+0, 5.82974e+2, 0.00000e+0, 5.00221e+2, 0.00000e+0, 4.01930e+1, 0.00000e+0, 4.32597e+1, 0.00000e+0, 4.16493e+0, 0.00000e+0, 3.03029e+0, 0.00000e+0, 0.00000e+0, -2.91230e-1, 0.00000e+0, -4.90925e+0, 0.00000e+0, 9.82801e-2, 0.00000e+0, 4.58549e+0, 0.00000e+0, 5.86602e+1, 0.00000e+0, 2.00000e+1, 1.70000e+1, 3, 6, 
2023/07/24 17:21:57.281, 6.95372e+2, 0.00000e+0, 5.68575e+2, 0.00000e+0, 2.44004e+4, 0.00000e+0, 7.12763e+2, 0.00000e+0, 5.82796e+2, 0.00000e+0, 5.00241e+2, 0.00000e+0, 4.01942e+1, 0.00000e+0, 4.32309e+1, 0.00000e+0, 4.16422e+0, 0.00000e+0, 3.03038e+0, 0.00000e+0, 0.00000e+0, -2.91242e-1, 0.00000e+0, -4.90926e+0, 0.00000e+0, 9.87459e-2, 0.00000e+0, 4.58399e+0, 0.00000e+0, 5.85706e+1, 0.00000e+0, 2.00000e+1, 1.70000e+1, 3, 7, 
2023/07/24 17:22:07.456, 6.94762e+2, 0.00000e+0, 5.68584e+2, 0.00000e+0, 2.44235e+4, 0.00000e+0, 7.12155e+2, 0.00000e+0, 5.82819e+2, 0.00000e+0, 5.00240e+2, 0.00000e+0, 4.01967e+1, 0.00000e+0, 4.31821e+1, 0.00000e+0, 4.16366e+0, 0.00000e+0, 3.03033e+0, 0.00000e+0, 0.00000e+0, -2.91255e-1, 0.00000e+0, -4.90928e+0, 0.00000e+0, 9.83091e-2, 0.00000e+0, 4.58239e+0, 0.00000e+0, 5.84756e+1, 0.00000e+0, 2.00000e+1, 1.70000e+1, 3, 8, 
2023/07/24 17:22:17.584, 6.94205e+2, 0.00000e+0, 5.69000e+2, 0.00000e+0, 2.43213e+4, 0.00000e+0, 7.11510e+2, 0.00000e+0, 5.83184e+2, 0.00000e+0, 5.00226e+2, 0.00000e+0, 4.02034e+1, 0.00000e+0, 4.31929e+1, 0.00000e+0, 4.16401e+0, 0.00000e+0, 3.03035e+0, 0.00000e+0, 0.00000e+0, -2.91269e-1, 0.00000e+0, -4.90930e+0, 0.00000e+0, 9.86972e-2, 0.00000e+0, 4.58104e+0, 0.00000e+0, 5.83951e+1, 0.00000e+0, 2.00000e+1, 1.70000e+1, 3, 1, 
2023/07/24 17:22:27.758, 6.93648e+2, 0.00000e+0, 5.69181e+2, 0.00000e+0, 2.42287e+4, 0.00000e+0, 7.10871e+2, 0.00000e+0, 5.83314e+2, 0.00000e+0, 5.00179e+2, 0.00000e+0, 4.02060e+1, 0.00000e+0, 4.32269e+1, 0.00000e+0, 4.16405e+0, 0.00000e+0, 3.03057e+0, 0.00000e+0, 0.00000e+0, -2.91286e-1, 0.00000e+0, -4.90931e+0, 0.00000e+0, 9.83381e-2, 0.00000e+0, 4.57961e+0, 0.00000e+0, 5.83101e+1, 0.00000e+0, 2.00000e+1, 1.70000e+1, 3, 2, 
2023/07/24 17:22:37.954, 6.93338e+2, 0.00000e+0, 5.69242e+2, 0.00000e+0, 2.43002e+4, 0.00000e+0, 7.10605e+2, 0.00000e+0, 5.83419e+2, 0.00000e+0, 5.00129e+2, 0.00000e+0, 4.02092e+1, 0.00000e+0, 4.32370e+1, 0.00000e+0, 4.16211e+0, 0.00000e+0, 3.03053e+0, 0.00000e+0, 0.00000e+0, -2.91304e-1, 0.00000e+0, -4.90933e+0, 0.00000e+0, 9.80584e-2, 0.00000e+0, 4.57885e+0, 0.00000e+0, 5.82649e+1, 0.00000e+0, 2.00000e+1, 1.70000e+1, 3, 3, 
2023/07/24 17:22:48.061, 6.92563e+2, 0.00000e+0, 5.69247e+2, 0.00000e+0, 2.43571e+4, 0.00000e+0, 7.09853e+2, 0.00000e+0, 5.83458e+2, 0.00000e+0, 5.00127e+2, 0.00000e+0, 4.02137e+1, 0.00000e+0, 4.32140e+1, 0.00000e+0, 4.16196e+0, 0.00000e+0, 3.03048e+0, 0.00000e+0, 0.00000e+0, -2.91323e-1, 0.00000e+0, -4.90935e+0, 0.00000e+0, 9.89805e-2, 0.00000e+0, 4.57794e+0, 0.00000e+0, 5.82105e+1, 0.00000e+0, 2.00000e+1, 1.70000e+1, 3, 4, 
2023/07/24 17:22:58.258, 6.91838e+2, 0.00000e+0, 5.69217e+2, 0.00000e+0, 7.13631e+3, 0.00000e+0, 6.96811e+2, 0.00000e+0, 5.73308e+2, 0.00000e+0, 5.00186e+2, 0.00000e+0, 4.02167e+1, 0.00000e+0, 4.31988e+1, 0.00000e+0, 4.16187e+0, 0.00000e+0, 3.03062e+0, 0.00000e+0, 0.00000e+0, -2.91340e-1, 0.00000e+0, -4.90937e+0, 0.00000e+0, 9.80584e-2, 0.00000e+0, 4.57719e+0, 0.00000e+0, 5.81659e+1, 0.00000e+0, 2.00000e+1, 1.70000e+1, 3, 5, 
2023/07/24 17:23:08.357, 6.91347e+2, 0.00000e+0, 5.68201e+2, 0.00000e+0, 7.21972e+3, 0.00000e+0, 6.96375e+2, 0.00000e+0, 5.72333e+2, 0.00000e+0, 5.00229e+2, 0.00000e+0, 4.02176e+1, 0.00000e+0, 4.31978e+1, 0.00000e+0, 4.16045e+0, 0.00000e+0, 3.03046e+0, 0.00000e+0, 0.00000e+0, -2.91359e-1, 0.00000e+0, -4.90938e+0, 0.00000e+0, 9.90393e-2, 0.00000e+0, 4.57614e+0, 0.00000e+0, 5.81035e+1, 0.00000e+0, 2.00000e+1, 1.70000e+1, 3, 6, 
2023/07/24 17:23:18.553, 6.90885e+2, 0.00000e+0, 5.67092e+2, 0.00000e+0, 7.28921e+3, 0.00000e+0, 6.95958e+2, 0.00000e+0, 5.71256e+2, 0.00000e+0, 5.00244e+2, 0.00000e+0, 4.02174e+1, 0.00000e+0, 4.31966e+1, 0.00000e+0, 4.15878e+0, 0.00000e+0, 3.03066e+0, 0.00000e+0, 0.00000e+0, -2.91376e-1, 0.00000e+0, -4.90940e+0, 0.00000e+0, 9.81162e-2, 0.00000e+0, 4.57519e+0, 0.00000e+0, 5.80472e+1, 0.00000e+0, 2.00000e+1, 1.70000e+1, 3, 7, 
2023/07/24 17:23:28.655, 6.90443e+2, 0.00000e+0, 5.65914e+2, 0.00000e+0, 7.46478e+3, 0.00000e+0, 6.95635e+2, 0.00000e+0, 5.70171e+2, 0.00000e+0, 5.00206e+2, 0.00000e+0, 4.02209e+1, 0.00000e+0, 4.31955e+1, 0.00000e+0, 4.15706e+0, 0.00000e+0, 3.03082e+0, 0.00000e+0, 0.00000e+0, -2.91392e-1, 0.00000e+0, -4.90941e+0, 0.00000e+0, 9.90001e-2, 0.00000e+0, 4.57371e+0, 0.00000e+0, 5.79587e+1, 0.00000e+0, 2.00000e+1, 1.70000e+1, 3, 8, 
2023/07/24 17:23:38.857, 6.90115e+2, 0.00000e+0, 5.64722e+2, 0.00000e+0, 7.67170e+3, 0.00000e+0, 6.95451e+2, 0.00000e+0, 5.69087e+2, 0.00000e+0, 5.00181e+2, 0.00000e+0, 4.02213e+1, 0.00000e+0, 4.31825e+1, 0.00000e+0, 4.15393e+0, 0.00000e+0, 3.03040e+0, 0.00000e+0, 0.00000e+0, -2.91408e-1, 0.00000e+0, -4.90942e+0, 0.00000e+0, 9.80104e-2, 0.00000e+0, 4.57261e+0, 0.00000e+0, 5.78937e+1, 0.00000e+0, 2.00000e+1, 1.70000e+1, 3, 1, 
2023/07/24 17:23:48.960, 6.89277e+2, 0.00000e+0, 5.63069e+2, 0.00000e+0, 8.04337e+3, 0.00000e+0, 6.94866e+2, 0.00000e+0, 5.67634e+2, 0.00000e+0, 5.00127e+2, 0.00000e+0, 4.02217e+1, 0.00000e+0, 4.31677e+1, 0.00000e+0, 4.15181e+0, 0.00000e+0, 3.03036e+0, 0.00000e+0, 0.00000e+0, -2.91423e-1, 0.00000e+0, -4.90943e+0, 0.00000e+0, 9.89903e-2, 0.00000e+0, 4.57133e+0, 0.00000e+0, 5.78172e+1, 0.00000e+0, 2.00000e+1, 1.70000e+1, 3, 2, 
2023/07/24 17:23:59.156, 6.88261e+2, 0.00000e+0, 5.60812e+2, 0.00000e+0, 8.69029e+3, 0.00000e+0, 6.94294e+2, 0.00000e+0, 5.65728e+2, 0.00000e+0, 5.00120e+2, 0.00000e+0, 4.02228e+1, 0.00000e+0, 4.31421e+1, 0.00000e+0, 4.14860e+0, 0.00000e+0, 3.03050e+0, 0.00000e+0, 0.00000e+0, -2.91438e-1, 0.00000e+0, -4.90944e+0, 0.00000e+0, 9.80488e-2, 0.00000e+0, 4.57023e+0, 0.00000e+0, 5.77519e+1, 0.00000e+0, 2.00000e+1, 1.70000e+1, 3, 3, 
2023/07/24 17:24:09.264, 6.88038e+2, 0.00000e+0, 5.60146e+2, 0.00000e+0, 8.50761e+3, 0.00000e+0, 6.93942e+2, 0.00000e+0, 5.64952e+2, 0.00000e+0, 5.00147e+2, 0.00000e+0, 4.02246e+1, 0.00000e+0, 4.31553e+1, 0.00000e+0, 4.14755e+0, 0.00000e+0, 3.03027e+0, 0.00000e+0, 0.00000e+0, -2.91452e-1, 0.00000e+0, -4.90945e+0, 0.00000e+0, 9.89120e-2, 0.00000e+0, 4.56894e+0, 0.00000e+0, 5.76753e+1, 0.00000e+0, 2.00000e+1, 1.70000e+1, 3, 4, 
2023/07/24 17:24:19.455, 6.87729e+2, 0.00000e+0, 5.59817e+2, 0.00000e+0, 8.30049e+3, 0.00000e+0, 6.93485e+2, 0.00000e+0, 5.64503e+2, 0.00000e+0, 5.00198e+2, 0.00000e+0, 4.02237e+1, 0.00000e+0, 4.31557e+1, 0.00000e+0, 4.14740e+0, 0.00000e+0, 3.03032e+0, 0.00000e+0, 0.00000e+0, -2.91467e-1, 0.00000e+0, -4.90947e+0, 0.00000e+0, 9.81932e-2, 0.00000e+0, 4.56768e+0, 0.00000e+0, 5.76002e+1, 0.00000e+0, 2.00000e+1, 1.70000e+1, 3, 5, 
2023/07/24 17:24:29.567, 6.87174e+2, 0.00000e+0, 5.58958e+2, 0.00000e+0, 8.26379e+3, 0.00000e+0, 6.92900e+2, 0.00000e+0, 5.63615e+2, 0.00000e+0, 5.00216e+2, 0.00000e+0, 4.02234e+1, 0.00000e+0, 4.31484e+1, 0.00000e+0, 4.14732e+0, 0.00000e+0, 3.03052e+0, 0.00000e+0, 0.00000e+0, -2.91482e-1, 0.00000e+0, -4.90948e+0, 0.00000e+0, 9.88435e-2, 0.00000e+0, 4.56614e+0, 0.00000e+0, 5.75085e+1, 0.00000e+0, 2.00000e+1, 1.70000e+1, 3, 6, 
2023/07/24 17:24:39.756, 6.86902e+2, 0.00000e+0, 5.58042e+2, 0.00000e+0, 8.26455e+3, 0.00000e+0, 6.92626e+2, 0.00000e+0, 5.62692e+2, 0.00000e+0, 5.00217e+2, 0.00000e+0, 4.02217e+1, 0.00000e+0, 4.31022e+1, 0.00000e+0, 4.14510e+0, 0.00000e+0, 3.03038e+0, 0.00000e+0, 0.00000e+0, -2.91498e-1, 0.00000e+0, -4.90950e+0, 0.00000e+0, 9.81740e-2, 0.00000e+0, 4.56484e+0, 0.00000e+0, 5.74309e+1, 0.00000e+0, 2.00000e+1, 1.70000e+1, 3, 7, 
2023/07/24 17:24:49.872, 6.86740e+2, 0.00000e+0, 5.58181e+2, 0.00000e+0, 8.40874e+3, 0.00000e+0, 6.92563e+2, 0.00000e+0, 5.62914e+2, 0.00000e+0, 5.00191e+2, 0.00000e+0, 4.02249e+1, 0.00000e+0, 4.30869e+1, 0.00000e+0, 4.14446e+0, 0.00000e+0, 3.03070e+0, 0.00000e+0, 0.00000e+0, -2.91498e-1, 0.00000e+0, -4.90952e+0, 0.00000e+0, 9.88338e-2, 0.00000e+0, 4.56349e+0, 0.00000e+0, 5.73507e+1, 0.00000e+0, 2.00000e+1, 1.70000e+1, 3, 8, 
2023/07/24 17:25:00.054, 6.86130e+2, 0.00000e+0, 5.58504e+2, 0.00000e+0, 8.44809e+3, 0.00000e+0, 6.91976e+2, 0.00000e+0, 5.63263e+2, 0.00000e+0, 5.00169e+2, 0.00000e+0, 4.02289e+1, 0.00000e+0, 4.30645e+1, 0.00000e+0, 4.14430e+0, 0.00000e+0, 3.03066e+0, 0.00000e+0, 0.00000e+0, -2.91498e-1, 0.00000e+0, -4.90954e+0, 0.00000e+0, 9.82318e-2, 0.00000e+0, 4.56215e+0, 0.00000e+0, 5.72711e+1, 0.00000e+0, 2.00000e+1, 1.70000e+1, 3, 1, 
2023/07/24 17:25:10.177, 6.85534e+2, 0.00000e+0, 5.58704e+2, 0.00000e+0, 8.56453e+3, 0.00000e+0, 6.91456e+2, 0.00000e+0, 5.63531e+2, 0.00000e+0, 5.00151e+2, 0.00000e+0, 4.02329e+1, 0.00000e+0, 4.30778e+1, 0.00000e+0, 4.14305e+0, 0.00000e+0, 3.03061e+0, 0.00000e+0, 0.00000e+0, -2.91498e-1, 0.00000e+0, -4.90954e+0, 0.00000e+0, 9.88142e-2, 0.00000e+0, 4.56107e+0, 0.00000e+0, 5.72063e+1, 0.00000e+0, 2.00000e+1, 1.70000e+1, 3, 2, 
2023/07/24 17:25:20.355, 6.84808e+2, 0.00000e+0, 5.59039e+2, 0.00000e+0, 8.59196e+3, 0.00000e+0, 6.90743e+2, 0.00000e+0, 5.63884e+2, 0.00000e+0, 5.00190e+2, 0.00000e+0, 4.02366e+1, 0.00000e+0, 4.30814e+1, 0.00000e+0, 4.14319e+0, 0.00000e+0, 3.03044e+0, 0.00000e+0, 0.00000e+0, -2.91498e-1, 0.00000e+0, -4.90954e+0, 0.00000e+0, 9.82511e-2, 0.00000e+0, 4.55970e+0, 0.00000e+0, 5.71247e+1, 0.00000e+0, 2.00000e+1, 1.70000e+1, 3, 3, 
2023/07/24 17:25:30.487, 6.84222e+2, 0.00000e+0, 5.59205e+2, 0.00000e+0, 2.26393e+4, 0.00000e+0, 7.00071e+2, 0.00000e+0, 5.72158e+2, 0.00000e+0, 5.00208e+2, 0.00000e+0, 4.02372e+1, 0.00000e+0, 4.30876e+1, 0.00000e+0, 4.14291e+0, 0.00000e+0, 3.03044e+0, 0.00000e+0, 0.00000e+0, -2.91498e-1, 0.00000e+0, -4.90954e+0, 0.00000e+0, 9.86875e-2, 0.00000e+0, 4.55833e+0, 0.00000e+0, 5.70435e+1, 0.00000e+0, 2.00000e+1, 1.70000e+1, 3, 4, 
2023/07/24 17:25:40.656, 6.83695e+2, 0.00000e+0, 5.60481e+2, 0.00000e+0, 2.28679e+4, 0.00000e+0, 6.99696e+2, 0.00000e+0, 5.73598e+2, 0.00000e+0, 5.00207e+2, 0.00000e+0, 4.02398e+1, 0.00000e+0, 4.30954e+1, 0.00000e+0, 4.14272e+0, 0.00000e+0, 3.03014e+0, 0.00000e+0, 0.00000e+0, -2.91498e-1, 0.00000e+0, -4.90954e+0, 0.00000e+0, 9.84252e-2, 0.00000e+0, 4.55715e+0, 0.00000e+0, 5.69730e+1, 0.00000e+0, 2.00000e+1, 1.70000e+1, 3, 5, 
2023/07/24 17:25:50.850, 6.82978e+2, 0.00000e+0, 5.61594e+2, 0.00000e+0, 2.30710e+4, 0.00000e+0, 6.99107e+2, 0.00000e+0, 5.74856e+2, 0.00000e+0, 5.00189e+2, 0.00000e+0, 4.02405e+1, 0.00000e+0, 4.31487e+1, 0.00000e+0, 4.14385e+0, 0.00000e+0, 3.03061e+0, 0.00000e+0, 0.00000e+0, -2.91498e-1, 0.00000e+0, -4.90954e+0, 0.00000e+0, 9.80777e-2, 0.00000e+0, 4.55581e+0, 0.00000e+0, 5.68937e+1, 0.00000e+0, 2.00000e+1, 1.70000e+1, 3, 6, 
2023/07/24 17:26:00.956, 6.82336e+2, 0.00000e+0, 5.62865e+2, 0.00000e+0, 2.32706e+4, 0.00000e+0, 6.98592e+2, 0.00000e+0, 5.76275e+2, 0.00000e+0, 5.00180e+2, 0.00000e+0, 4.02410e+1, 0.00000e+0, 4.31737e+1, 0.00000e+0, 4.14474e+0, 0.00000e+0, 3.03040e+0, 0.00000e+0, 0.00000e+0, -2.91498e-1, 0.00000e+0, -4.90954e+0, 0.00000e+0, 9.88826e-2, 0.00000e+0, 4.55467e+0, 0.00000e+0, 5.68256e+1, 0.00000e+0, 2.00000e+1, 1.70000e+1, 3, 7, 
2023/07/24 17:26:11.148, 6.81552e+2, 0.00000e+0, 5.63968e+2, 0.00000e+0, 2.36488e+4, 0.00000e+0, 6.98061e+2, 0.00000e+0, 5.77628e+2, 0.00000e+0, 5.00158e+2, 0.00000e+0, 4.02420e+1, 0.00000e+0, 4.31447e+1, 0.00000e+0, 4.14469e+0, 0.00000e+0, 3.03037e+0, 0.00000e+0, 0.00000e+0, -2.91498e-1, 0.00000e+0, -4.90953e+0, 0.00000e+0, 9.81354e-2, 0.00000e+0, 4.55263e+0, 0.00000e+0, 5.67044e+1, 0.00000e+0, 2.00000e+1, 1.70000e+1, 3, 8, 
2023/07/24 17:26:21.258, 6.81035e+2, 0.00000e+0, 5.64683e+2, 0.00000e+0, 2.41945e+4, 0.00000e+0, 6.97921e+2, 0.00000e+0, 5.78684e+2, 0.00000e+0, 5.00148e+2, 0.00000e+0, 4.02473e+1, 0.00000e+0, 4.31135e+1, 0.00000e+0, 4.14355e+0, 0.00000e+0, 3.03038e+0, 0.00000e+0, 0.00000e+0, -2.91498e-1, 0.00000e+0, -4.90951e+0, 0.00000e+0, 9.89805e-2, 0.00000e+0, 4.55114e+0, 0.00000e+0, 5.66157e+1, 0.00000e+0, 2.00000e+1, 1.70000e+1, 3, 1, 
2023/07/24 17:26:31.454, 6.80305e+2, 0.00000e+0, 5.65991e+2, 0.00000e+0, 2.44654e+4, 0.00000e+0, 6.97366e+2, 0.00000e+0, 5.80186e+2, 0.00000e+0, 5.00167e+2, 0.00000e+0, 4.02500e+1, 0.00000e+0, 4.31291e+1, 0.00000e+0, 4.14410e+0, 0.00000e+0, 3.03078e+0, 0.00000e+0, 0.00000e+0, -2.91498e-1, 0.00000e+0, -4.90949e+0, 0.00000e+0, 9.80488e-2, 0.00000e+0, 4.55005e+0, 0.00000e+0, 5.65508e+1, 0.00000e+0, 2.00000e+1, 1.70000e+1, 3, 2, 
2023/07/24 17:26:41.558, 6.79320e+2, 0.00000e+0, 5.67238e+2, 0.00000e+0, 2.46861e+4, 0.00000e+0, 6.96514e+2, 0.00000e+0, 5.81596e+2, 0.00000e+0, 5.00200e+2, 0.00000e+0, 4.02491e+1, 0.00000e+0, 4.31719e+1, 0.00000e+0, 4.14542e+0, 0.00000e+0, 3.03027e+0, 0.00000e+0, 0.00000e+0, -2.91498e-1, 0.00000e+0, -4.90947e+0, 0.00000e+0, 9.90001e-2, 0.00000e+0, 4.54861e+0, 0.00000e+0, 5.64650e+1, 0.00000e+0, 2.00000e+1, 1.70000e+1, 3, 3, 
2023/07/24 17:26:51.761, 6.78691e+2, 0.00000e+0, 5.68369e+2, 0.00000e+0, 2.50155e+4, 0.00000e+0, 6.96104e+2, 0.00000e+0, 5.82952e+2, 0.00000e+0, 5.00205e+2, 0.00000e+0, 4.02560e+1, 0.00000e+0, 4.31769e+1, 0.00000e+0, 4.14601e+0, 0.00000e+0, 3.03062e+0, 0.00000e+0, 0.00000e+0, -2.91498e-1, 0.00000e+0, -4.90947e+0, 0.00000e+0, 9.79912e-2, 0.00000e+0, 4.54676e+0, 0.00000e+0, 5.63548e+1, 0.00000e+0, 2.00000e+1, 1.70000e+1, 3, 4, 
2023/07/24 17:27:01.861, 6.77881e+2, 0.00000e+0, 5.69565e+2, 0.00000e+0, 2.53221e+4, 0.00000e+0, 6.95493e+2, 0.00000e+0, 5.84362e+2, 0.00000e+0, 5.00192e+2, 0.00000e+0, 4.02561e+1, 0.00000e+0, 4.31837e+1, 0.00000e+0, 4.14635e+0, 0.00000e+0, 3.03055e+0, 0.00000e+0, 0.00000e+0, -2.91498e-1, 0.00000e+0, -4.90947e+0, 0.00000e+0, 9.89903e-2, 0.00000e+0, 4.54530e+0, 0.00000e+0, 5.62676e+1, 0.00000e+0, 2.00000e+1, 1.70000e+1, 3, 5, 
2023/07/24 17:27:12.056, 6.77248e+2, 0.00000e+0, 5.70820e+2, 0.00000e+0, 2.56210e+4, 0.00000e+0, 6.95056e+2, 0.00000e+0, 5.85830e+2, 0.00000e+0, 5.00168e+2, 0.00000e+0, 4.02593e+1, 0.00000e+0, 4.32218e+1, 0.00000e+0, 4.14652e+0, 0.00000e+0, 3.03038e+0, 0.00000e+0, 0.00000e+0, -2.91498e-1, 0.00000e+0, -4.90947e+0, 0.00000e+0, 9.80873e-2, 0.00000e+0, 4.54384e+0, 0.00000e+0, 5.61811e+1, 0.00000e+0, 2.00000e+1, 1.70000e+1, 3, 6, 
2023/07/24 17:27:22.167, 6.77470e+2, 0.00000e+0, 5.71359e+2, 0.00000e+0, 2.56738e+4, 0.00000e+0, 6.95321e+2, 0.00000e+0, 5.86414e+2, 0.00000e+0, 5.00092e+2, 0.00000e+0, 4.02590e+1, 0.00000e+0, 4.32261e+1, 0.00000e+0, 4.14241e+0, 0.00000e+0, 3.03038e+0, 0.00000e+0, 0.00000e+0, -2.91498e-1, 0.00000e+0, -4.90947e+0, 0.00000e+0, 9.88435e-2, 0.00000e+0, 4.54348e+0, 0.00000e+0, 5.61598e+1, 0.00000e+0, 2.00000e+1, 1.70000e+1, 3, 7, 
2023/07/24 17:27:32.354, 6.76197e+2, 0.00000e+0, 5.71796e+2, 0.00000e+0, 2.55626e+4, 0.00000e+0, 6.93936e+2, 0.00000e+0, 5.86796e+2, 0.00000e+0, 5.00091e+2, 0.00000e+0, 4.02603e+1, 0.00000e+0, 4.32329e+1, 0.00000e+0, 4.14661e+0, 0.00000e+0, 3.03084e+0, 0.00000e+0, 0.00000e+0, -2.91498e-1, 0.00000e+0, -4.90947e+0, 0.00000e+0, 9.83091e-2, 0.00000e+0, 4.54259e+0, 0.00000e+0, 5.61066e+1, 0.00000e+0, 2.00000e+1, 1.70000e+1, 3, 8, 
2023/07/24 17:27:42.471, 6.75965e+2, 0.00000e+0, 5.71309e+2, 0.00000e+0, 2.60439e+4, 0.00000e+0, 6.94040e+2, 0.00000e+0, 5.86586e+2, 0.00000e+0, 5.00139e+2, 0.00000e+0, 4.02619e+1, 0.00000e+0, 4.32046e+1, 0.00000e+0, 4.14088e+0, 0.00000e+0, 3.03046e+0, 0.00000e+0, 0.00000e+0, -2.91498e-1, 0.00000e+0, -4.90947e+0, 0.00000e+0, 9.88045e-2, 0.00000e+0, 4.54190e+0, 0.00000e+0, 5.60652e+1, 0.00000e+0, 2.00000e+1, 1.70000e+1, 3, 1, 
2023/07/24 17:27:52.655, 6.75121e+2, 0.00000e+0, 5.71520e+2, 0.00000e+0, 2.62509e+4, 0.00000e+0, 6.93321e+2, 0.00000e+0, 5.86927e+2, 0.00000e+0, 5.00196e+2, 0.00000e+0, 4.02678e+1, 0.00000e+0, 4.32080e+1, 0.00000e+0, 4.14039e+0, 0.00000e+0, 3.03055e+0, 0.00000e+0, 0.00000e+0, -2.91498e-1, 0.00000e+0, -4.90947e+0, 0.00000e+0, 9.81643e-2, 0.00000e+0, 4.54096e+0, 0.00000e+0, 5.60098e+1, 0.00000e+0, 2.00000e+1, 1.70000e+1, 3, 2, 
2023/07/24 17:28:02.775, 6.74662e+2, 0.00000e+0, 5.72130e+2, 0.00000e+0, 2.62048e+4, 0.00000e+0, 6.92817e+2, 0.00000e+0, 5.87526e+2, 0.00000e+0, 5.00207e+2, 0.00000e+0, 4.02723e+1, 0.00000e+0, 4.31994e+1, 0.00000e+0, 4.14061e+0, 0.00000e+0, 3.03025e+0, 0.00000e+0, 0.00000e+0, -2.91498e-1, 0.00000e+0, -4.90947e+0, 0.00000e+0, 9.88435e-2, 0.00000e+0, 4.53950e+0, 0.00000e+0, 5.59225e+1, 0.00000e+0, 2.00000e+1, 1.70000e+1, 3, 3, 
2023/07/24 17:28:12.964, 6.73846e+2, 0.00000e+0, 5.71849e+2, 0.00000e+0, 2.64968e+4, 0.00000e+0, 6.92187e+2, 0.00000e+0, 5.87414e+2, 0.00000e+0, 5.00193e+2, 0.00000e+0, 4.02713e+1, 0.00000e+0, 4.31780e+1, 0.00000e+0, 4.13964e+0, 0.00000e+0, 3.03058e+0, 0.00000e+0, 0.00000e+0, -2.91498e-1, 0.00000e+0, -4.90947e+0, 0.00000e+0, 9.81354e-2, 0.00000e+0, 4.53856e+0, 0.00000e+0, 5.58664e+1, 0.00000e+0, 2.00000e+1, 1.70000e+1, 3, 4, 
2023/07/24 17:28:23.079, 6.73325e+2, 0.00000e+0, 5.72155e+2, 0.00000e+0, 2.65568e+4, 0.00000e+0, 6.91694e+2, 0.00000e+0, 5.87764e+2, 0.00000e+0, 5.00134e+2, 0.00000e+0, 4.02698e+1, 0.00000e+0, 4.31840e+1, 0.00000e+0, 4.13937e+0, 0.00000e+0, 3.03050e+0, 0.00000e+0, 0.00000e+0, -2.91498e-1, 0.00000e+0, -4.90947e+0, 0.00000e+0, 9.88533e-2, 0.00000e+0, 4.53724e+0, 0.00000e+0, 5.57881e+1, 0.00000e+0, 2.00000e+1, 1.70000e+1, 3, 5, 
2023/07/24 17:28:33.255, 6.72751e+2, 0.00000e+0, 5.72484e+2, 0.00000e+0, 2.65697e+4, 0.00000e+0, 6.91114e+2, 0.00000e+0, 5.88110e+2, 0.00000e+0, 5.00101e+2, 0.00000e+0, 4.02731e+1, 0.00000e+0, 4.31888e+1, 0.00000e+0, 4.13938e+0, 0.00000e+0, 3.03069e+0, 0.00000e+0, 0.00000e+0, -2.91498e-1, 0.00000e+0, -4.90947e+0, 0.00000e+0, 9.82898e-2, 0.00000e+0, 4.53595e+0, 0.00000e+0, 5.57110e+1, 0.00000e+0, 2.00000e+1, 1.70000e+1, 3, 6, 
2023/07/24 17:28:43.456, 6.72383e+2, 0.00000e+0, 5.72950e+2, 0.00000e+0, 2.65533e+4, 0.00000e+0, 6.90724e+2, 0.00000e+0, 5.88579e+2, 0.00000e+0, 5.00081e+2, 0.00000e+0, 4.02762e+1, 0.00000e+0, 4.31808e+1, 0.00000e+0, 4.13866e+0, 0.00000e+0, 3.03063e+0, 0.00000e+0, 0.00000e+0, -2.91498e-1, 0.00000e+0, -4.90947e+0, 0.00000e+0, 9.80392e-2, 0.00000e+0, 4.53484e+0, 0.00000e+0, 5.56453e+1, 0.00000e+0, 2.00000e+1, 1.70000e+1, 3, 7, 
2023/07/24 17:28:53.556, 6.71728e+2, 0.00000e+0, 5.73542e+2, 0.00000e+0, 2.64752e+4, 0.00000e+0, 6.89995e+2, 0.00000e+0, 5.89140e+2, 0.00000e+0, 5.00109e+2, 0.00000e+0, 4.02789e+1, 0.00000e+0, 4.31852e+1, 0.00000e+0, 4.13916e+0, 0.00000e+0, 3.03050e+0, 0.00000e+0, 0.00000e+0, -2.91498e-1, 0.00000e+0, -4.90947e+0, 0.00000e+0, 9.90099e-2, 0.00000e+0, 4.53348e+0, 0.00000e+0, 5.55641e+1, 0.00000e+0, 2.00000e+1, 1.70000e+1, 3, 8, 
2023/07/24 17:29:03.755, 6.71190e+2, 0.00000e+0, 5.73690e+2, 0.00000e+0, 2.65167e+4, 0.00000e+0, 6.89473e+2, 0.00000e+0, 5.89317e+2, 0.00000e+0, 5.00150e+2, 0.00000e+0, 4.02855e+1, 0.00000e+0, 4.31995e+1, 0.00000e+0, 4.13850e+0, 0.00000e+0, 3.03053e+0, 0.00000e+0, 0.00000e+0, -2.91498e-1, 0.00000e+0, -4.90947e+0, 0.00000e+0, 9.80777e-2, 0.00000e+0, 4.53224e+0, 0.00000e+0, 5.54905e+1, 0.00000e+0, 2.00000e+1, 1.70000e+1, 3, 1, 
2023/07/24 17:29:13.859, 6.70313e+2, 0.00000e+0, 5.73745e+2, 0.00000e+0, 2.65851e+4, 0.00000e+0, 6.88620e+2, 0.00000e+0, 5.89415e+2, 0.00000e+0, 5.00161e+2, 0.00000e+0, 4.02875e+1, 0.00000e+0, 4.32401e+1, 0.00000e+0, 4.13914e+0, 0.00000e+0, 3.03053e+0, 0.00000e+0, 0.00000e+0, -2.91498e-1, 0.00000e+0, -4.90947e+0, 0.00000e+0, 9.89707e-2, 0.00000e+0, 4.53091e+0, 0.00000e+0, 5.54113e+1, 0.00000e+0, 2.00000e+1, 1.70000e+1, 3, 2, 
2023/07/24 17:29:24.057, 6.69924e+2, 0.00000e+0, 5.74098e+2, 0.00000e+0, 2.65107e+4, 0.00000e+0, 6.88168e+2, 0.00000e+0, 5.89733e+2, 0.00000e+0, 5.00167e+2, 0.00000e+0, 4.02912e+1, 0.00000e+0, 4.32542e+1, 0.00000e+0, 4.13860e+0, 0.00000e+0, 3.03070e+0, 0.00000e+0, 0.00000e+0, -2.91498e-1, 0.00000e+0, -4.90947e+0, 0.00000e+0, 9.80873e-2, 0.00000e+0, 4.52950e+0, 0.00000e+0, 5.53272e+1, 0.00000e+0, 2.00000e+1, 1.70000e+1, 3, 3, 
2023/07/24 17:29:34.164, 6.69487e+2, 0.00000e+0, 5.74437e+2, 0.00000e+0, 2.64623e+4, 0.00000e+0, 6.87685e+2, 0.00000e+0, 5.90051e+2, 0.00000e+0, 5.00144e+2, 0.00000e+0, 4.02956e+1, 0.00000e+0, 4.32395e+1, 0.00000e+0, 4.13799e+0, 0.00000e+0, 3.03071e+0, 0.00000e+0, 0.00000e+0, -2.91498e-1, 0.00000e+0, -4.90947e+0, 0.00000e+0, 9.89609e-2, 0.00000e+0, 4.52799e+0, 0.00000e+0, 5.52377e+1, 0.00000e+0, 2.00000e+1, 1.70000e+1, 3, 4, 
2023/07/24 17:29:44.356, 6.68816e+2, 0.00000e+0, 5.74429e+2, 0.00000e+0, 2.65729e+4, 0.00000e+0, 6.87074e+2, 0.00000e+0, 5.90110e+2, 0.00000e+0, 5.00099e+2, 0.00000e+0, 4.02927e+1, 0.00000e+0, 4.31978e+1, 0.00000e+0, 4.13789e+0, 0.00000e+0, 3.03074e+0, 0.00000e+0, 0.00000e+0, -2.91498e-1, 0.00000e+0, -4.90947e+0, 0.00000e+0, 9.81065e-2, 0.00000e+0, 4.52692e+0, 0.00000e+0, 5.51738e+1, 0.00000e+0, 2.00000e+1, 1.70000e+1, 3, 5, 
2023/07/24 17:29:54.460, 6.68337e+2, 0.00000e+0, 5.74720e+2, 0.00000e+0, 2.66035e+4, 0.00000e+0, 6.86604e+2, 0.00000e+0, 5.90427e+2, 0.00000e+0, 5.00093e+2, 0.00000e+0, 4.02948e+1, 0.00000e+0, 4.31737e+1, 0.00000e+0, 4.13715e+0, 0.00000e+0, 3.03043e+0, 0.00000e+0, 0.00000e+0, -2.91498e-1, 0.00000e+0, -4.90947e+0, 0.00000e+0, 9.89903e-2, 0.00000e+0, 4.52556e+0, 0.00000e+0, 5.50928e+1, 0.00000e+0, 2.00000e+1, 1.70000e+1, 3, 6, 

