SN:3K430000012749 BD:Apr 19 2021 VC:7d9ffae MD5:34e03199e6006f2831fb02c414d62259
                     Time,      [CH4]_ppm,   [CH4]_ppm_sd,      [CO2]_ppm,   [CO2]_ppm_sd,      [H2O]_ppm,   [H2O]_ppm_sd,     [CH4]d_ppm,  [CH4]d_ppm_sd,     [CO2]d_ppm,  [CO2]d_ppm_sd,      GasP_torr,   GasP_torr_sd,         GasT_C,      GasT_C_sd,         AmbT_C,      AmbT_C_sd,         RD0_us,      RD0_us_sd,         RD1_us,      RD1_us_sd,     RD0_raw_us,         LTC0_v,      LTC0_v_sd,         LTC1_v,      LTC1_v_sd,             HZ,          HZ_sd,         Batt_v,      Batt_v_sd,        BattPer,     BattPer_sd, Temp_Status_mA,Analyzer_Status_mA,       Fit_Flag,      MIU_VALVE,       MIU_DESC
2023/07/24 21:10:30.358, 1.92025e+2, 0.00000e+0, 6.17367e+2, 0.00000e+0, 5.23662e+4, 0.00000e+0, 2.02636e+2, 0.00000e+0, 6.51483e+2, 0.00000e+0, 5.00148e+2, 0.00000e+0, 4.04880e+1, 0.00000e+0, 4.24600e+1, 0.00000e+0, 3.65522e+0, 0.00000e+0, 3.03260e+0, 0.00000e+0, 0.00000e+0, -2.94231e-1, 0.00000e+0, -4.91010e+0, 0.00000e+0, 9.80873e-2, 0.00000e+0, 5.24275e+0, 0.00000e+0, 9.77828e+1, 0.00000e+0, 2.00000e+1, 2.00000e+1, 3, 3, 
2023/07/24 21:10:40.463, 1.91872e+2, 0.00000e+0, 6.17045e+2, 0.00000e+0, 5.25757e+4, 0.00000e+0, 2.02519e+2, 0.00000e+0, 6.51287e+2, 0.00000e+0, 5.00113e+2, 0.00000e+0, 4.04829e+1, 0.00000e+0, 4.24950e+1, 0.00000e+0, 3.65454e+0, 0.00000e+0, 3.03227e+0, 0.00000e+0, 0.00000e+0, -2.94182e-1, 0.00000e+0, -4.91010e+0, 0.00000e+0, 9.89609e-2, 0.00000e+0, 5.24217e+0, 0.00000e+0, 9.77484e+1, 0.00000e+0, 2.00000e+1, 2.00000e+1, 3, 4, 
2023/07/24 21:10:50.659, 1.91620e+2, 0.00000e+0, 6.16480e+2, 0.00000e+0, 5.28072e+4, 0.00000e+0, 2.02303e+2, 0.00000e+0, 6.50850e+2, 0.00000e+0, 5.00115e+2, 0.00000e+0, 4.04829e+1, 0.00000e+0, 4.25117e+1, 0.00000e+0, 3.65453e+0, 0.00000e+0, 3.03243e+0, 0.00000e+0, 0.00000e+0, -2.94133e-1, 0.00000e+0, -4.91010e+0, 0.00000e+0, 9.80873e-2, 0.00000e+0, 5.24157e+0, 0.00000e+0, 9.77127e+1, 0.00000e+0, 2.00000e+1, 2.00000e+1, 3, 5, 
2023/07/24 21:11:00.758, 1.91311e+2, 0.00000e+0, 6.16708e+2, 0.00000e+0, 5.28422e+4, 0.00000e+0, 2.01984e+2, 0.00000e+0, 6.51114e+2, 0.00000e+0, 5.00188e+2, 0.00000e+0, 4.04842e+1, 0.00000e+0, 4.25287e+1, 0.00000e+0, 3.65506e+0, 0.00000e+0, 3.03199e+0, 0.00000e+0, 0.00000e+0, -2.94102e-1, 0.00000e+0, -4.91010e+0, 0.00000e+0, 9.90197e-2, 0.00000e+0, 5.24100e+0, 0.00000e+0, 9.76786e+1, 0.00000e+0, 2.00000e+1, 2.00000e+1, 3, 6, 
2023/07/24 21:11:10.959, 1.91163e+2, 0.00000e+0, 6.16517e+2, 0.00000e+0, 5.28041e+4, 0.00000e+0, 2.01820e+2, 0.00000e+0, 6.50887e+2, 0.00000e+0, 5.00215e+2, 0.00000e+0, 4.04821e+1, 0.00000e+0, 4.25284e+1, 0.00000e+0, 3.65467e+0, 0.00000e+0, 3.03215e+0, 0.00000e+0, 0.00000e+0, -2.94071e-1, 0.00000e+0, -4.91010e+0, 0.00000e+0, 9.80200e-2, 0.00000e+0, 5.24033e+0, 0.00000e+0, 9.76389e+1, 0.00000e+0, 2.00000e+1, 2.00000e+1, 3, 7, 
2023/07/24 21:11:21.061, 1.91087e+2, 0.00000e+0, 6.16674e+2, 0.00000e+0, 5.27436e+4, 0.00000e+0, 2.01727e+2, 0.00000e+0, 6.51011e+2, 0.00000e+0, 5.00154e+2, 0.00000e+0, 4.04806e+1, 0.00000e+0, 4.25368e+1, 0.00000e+0, 3.65402e+0, 0.00000e+0, 3.03227e+0, 0.00000e+0, 0.00000e+0, -2.94035e-1, 0.00000e+0, -4.91010e+0, 0.00000e+0, 9.90295e-2, 0.00000e+0, 5.23965e+0, 0.00000e+0, 9.75981e+1, 0.00000e+0, 2.00000e+1, 2.00000e+1, 3, 8, 
2023/07/24 21:11:31.256, 1.90896e+2, 0.00000e+0, 6.16914e+2, 0.00000e+0, 5.26825e+4, 0.00000e+0, 2.01512e+2, 0.00000e+0, 6.51222e+2, 0.00000e+0, 5.00167e+2, 0.00000e+0, 4.04771e+1, 0.00000e+0, 4.25666e+1, 0.00000e+0, 3.65432e+0, 0.00000e+0, 3.03208e+0, 0.00000e+0, 0.00000e+0, -2.94000e-1, 0.00000e+0, -4.91010e+0, 0.00000e+0, 9.81065e-2, 0.00000e+0, 5.23865e+0, 0.00000e+0, 9.75387e+1, 0.00000e+0, 2.00000e+1, 2.00000e+1, 3, 1, 
2023/07/24 21:11:41.366, 1.90766e+2, 0.00000e+0, 6.17287e+2, 0.00000e+0, 5.26013e+4, 0.00000e+0, 2.01358e+2, 0.00000e+0, 6.51560e+2, 0.00000e+0, 5.00161e+2, 0.00000e+0, 4.04745e+1, 0.00000e+0, 4.25843e+1, 0.00000e+0, 3.65395e+0, 0.00000e+0, 3.03228e+0, 0.00000e+0, 0.00000e+0, -2.93965e-1, 0.00000e+0, -4.91010e+0, 0.00000e+0, 9.89218e-2, 0.00000e+0, 5.23787e+0, 0.00000e+0, 9.74921e+1, 0.00000e+0, 2.00000e+1, 2.00000e+1, 3, 2, 
2023/07/24 21:11:51.557, 1.90626e+2, 0.00000e+0, 6.17618e+2, 0.00000e+0, 5.24259e+4, 0.00000e+0, 2.01172e+2, 0.00000e+0, 6.51789e+2, 0.00000e+0, 5.00124e+2, 0.00000e+0, 4.04711e+1, 0.00000e+0, 4.25787e+1, 0.00000e+0, 3.65418e+0, 0.00000e+0, 3.03212e+0, 0.00000e+0, 0.00000e+0, -2.93931e-1, 0.00000e+0, -4.91010e+0, 0.00000e+0, 9.81451e-2, 0.00000e+0, 5.23723e+0, 0.00000e+0, 9.74542e+1, 0.00000e+0, 2.00000e+1, 2.00000e+1, 3, 3, 
2023/07/24 21:12:01.671, 1.90372e+2, 0.00000e+0, 6.17080e+2, 0.00000e+0, 5.28387e+4, 0.00000e+0, 2.00992e+2, 0.00000e+0, 6.51505e+2, 0.00000e+0, 5.00150e+2, 0.00000e+0, 4.04695e+1, 0.00000e+0, 4.25962e+1, 0.00000e+0, 3.65363e+0, 0.00000e+0, 3.03203e+0, 0.00000e+0, 0.00000e+0, -2.93896e-1, 0.00000e+0, -4.91010e+0, 0.00000e+0, 9.88435e-2, 0.00000e+0, 5.23622e+0, 0.00000e+0, 9.73943e+1, 0.00000e+0, 2.00000e+1, 2.00000e+1, 3, 4, 
2023/07/24 21:12:11.850, 1.90151e+2, 0.00000e+0, 6.16448e+2, 0.00000e+0, 5.32097e+4, 0.00000e+0, 2.00838e+2, 0.00000e+0, 6.51093e+2, 0.00000e+0, 5.00137e+2, 0.00000e+0, 4.04636e+1, 0.00000e+0, 4.26128e+1, 0.00000e+0, 3.65285e+0, 0.00000e+0, 3.03191e+0, 0.00000e+0, 0.00000e+0, -2.93859e-1, 0.00000e+0, -4.91008e+0, 0.00000e+0, 9.82415e-2, 0.00000e+0, 5.23514e+0, 0.00000e+0, 9.73298e+1, 0.00000e+0, 2.00000e+1, 2.00000e+1, 3, 5, 
2023/07/24 21:12:21.975, 1.89865e+2, 0.00000e+0, 6.16409e+2, 0.00000e+0, 5.33860e+4, 0.00000e+0, 2.00573e+2, 0.00000e+0, 6.51172e+2, 0.00000e+0, 5.00173e+2, 0.00000e+0, 4.04643e+1, 0.00000e+0, 4.26301e+1, 0.00000e+0, 3.65283e+0, 0.00000e+0, 3.03201e+0, 0.00000e+0, 0.00000e+0, -2.93831e-1, 0.00000e+0, -4.91007e+0, 0.00000e+0, 9.87264e-2, 0.00000e+0, 5.23423e+0, 0.00000e+0, 9.72754e+1, 0.00000e+0, 2.00000e+1, 2.00000e+1, 3, 6, 
2023/07/24 21:12:32.157, 1.89715e+2, 0.00000e+0, 6.16566e+2, 0.00000e+0, 5.34121e+4, 0.00000e+0, 2.00420e+2, 0.00000e+0, 6.51356e+2, 0.00000e+0, 5.00183e+2, 0.00000e+0, 4.04674e+1, 0.00000e+0, 4.26751e+1, 0.00000e+0, 3.65269e+0, 0.00000e+0, 3.03201e+0, 0.00000e+0, 0.00000e+0, -2.93806e-1, 0.00000e+0, -4.91005e+0, 0.00000e+0, 9.82801e-2, 0.00000e+0, 5.23321e+0, 0.00000e+0, 9.72147e+1, 0.00000e+0, 2.00000e+1, 2.00000e+1, 3, 7, 
2023/07/24 21:12:42.279, 1.89556e+2, 0.00000e+0, 6.16604e+2, 0.00000e+0, 5.34401e+4, 0.00000e+0, 2.00258e+2, 0.00000e+0, 6.51416e+2, 0.00000e+0, 5.00207e+2, 0.00000e+0, 4.04687e+1, 0.00000e+0, 4.27077e+1, 0.00000e+0, 3.65229e+0, 0.00000e+0, 3.03231e+0, 0.00000e+0, 0.00000e+0, -2.93779e-1, 0.00000e+0, -4.91003e+0, 0.00000e+0, 9.87557e-2, 0.00000e+0, 5.23263e+0, 0.00000e+0, 9.71801e+1, 0.00000e+0, 2.00000e+1, 2.00000e+1, 3, 8, 
2023/07/24 21:12:52.462, 1.89279e+2, 0.00000e+0, 6.16773e+2, 0.00000e+0, 5.35153e+4, 0.00000e+0, 1.99981e+2, 0.00000e+0, 6.51646e+2, 0.00000e+0, 5.00159e+2, 0.00000e+0, 4.04608e+1, 0.00000e+0, 4.26946e+1, 0.00000e+0, 3.65242e+0, 0.00000e+0, 3.03178e+0, 0.00000e+0, 0.00000e+0, -2.93752e-1, 0.00000e+0, -4.91001e+0, 0.00000e+0, 9.81836e-2, 0.00000e+0, 5.23204e+0, 0.00000e+0, 9.71450e+1, 0.00000e+0, 2.00000e+1, 2.00000e+1, 3, 1, 
2023/07/24 21:13:02.582, 1.89135e+2, 0.00000e+0, 6.17150e+2, 0.00000e+0, 5.34113e+4, 0.00000e+0, 1.99806e+2, 0.00000e+0, 6.51973e+2, 0.00000e+0, 5.00123e+2, 0.00000e+0, 4.04592e+1, 0.00000e+0, 4.27182e+1, 0.00000e+0, 3.65168e+0, 0.00000e+0, 3.03211e+0, 0.00000e+0, 0.00000e+0, -2.93725e-1, 0.00000e+0, -4.90999e+0, 0.00000e+0, 9.87069e-2, 0.00000e+0, 5.23100e+0, 0.00000e+0, 9.70833e+1, 0.00000e+0, 2.00000e+1, 2.00000e+1, 3, 2, 
2023/07/24 21:13:12.759, 1.89013e+2, 0.00000e+0, 6.17530e+2, 0.00000e+0, 5.31939e+4, 0.00000e+0, 1.99632e+2, 0.00000e+0, 6.52225e+2, 0.00000e+0, 5.00129e+2, 0.00000e+0, 4.04614e+1, 0.00000e+0, 4.27506e+1, 0.00000e+0, 3.65184e+0, 0.00000e+0, 3.03241e+0, 0.00000e+0, 0.00000e+0, -2.93696e-1, 0.00000e+0, -4.90996e+0, 0.00000e+0, 9.84252e-2, 0.00000e+0, 5.23037e+0, 0.00000e+0, 9.70461e+1, 0.00000e+0, 2.00000e+1, 2.00000e+1, 3, 3, 
2023/07/24 21:13:22.887, 1.88895e+2, 0.00000e+0, 6.18108e+2, 0.00000e+0, 5.29369e+4, 0.00000e+0, 1.99453e+2, 0.00000e+0, 6.52657e+2, 0.00000e+0, 5.00141e+2, 0.00000e+0, 4.04655e+1, 0.00000e+0, 4.27636e+1, 0.00000e+0, 3.65191e+0, 0.00000e+0, 3.03221e+0, 0.00000e+0, 0.00000e+0, -2.93667e-1, 0.00000e+0, -4.90994e+0, 0.00000e+0, 9.86972e-2, 0.00000e+0, 5.22965e+0, 0.00000e+0, 9.70032e+1, 0.00000e+0, 2.00000e+1, 2.00000e+1, 3, 4, 
2023/07/24 21:13:33.058, 1.88772e+2, 0.00000e+0, 6.18817e+2, 0.00000e+0, 5.25966e+4, 0.00000e+0, 1.99252e+2, 0.00000e+0, 6.53171e+2, 0.00000e+0, 5.00150e+2, 0.00000e+0, 4.04607e+1, 0.00000e+0, 4.27620e+1, 0.00000e+0, 3.65183e+0, 0.00000e+0, 3.03253e+0, 0.00000e+0, 0.00000e+0, -2.93635e-1, 0.00000e+0, -4.90991e+0, 0.00000e+0, 9.83381e-2, 0.00000e+0, 5.22819e+0, 0.00000e+0, 9.69160e+1, 0.00000e+0, 2.00000e+1, 2.00000e+1, 3, 5, 
2023/07/24 21:13:43.191, 1.88624e+2, 0.00000e+0, 6.19164e+2, 0.00000e+0, 5.24946e+4, 0.00000e+0, 1.99075e+2, 0.00000e+0, 6.53467e+2, 0.00000e+0, 5.00169e+2, 0.00000e+0, 4.04654e+1, 0.00000e+0, 4.27894e+1, 0.00000e+0, 3.65147e+0, 0.00000e+0, 3.03245e+0, 0.00000e+0, 0.00000e+0, -2.93601e-1, 0.00000e+0, -4.90988e+0, 0.00000e+0, 9.86777e-2, 0.00000e+0, 5.22731e+0, 0.00000e+0, 9.68636e+1, 0.00000e+0, 2.00000e+1, 2.00000e+1, 3, 6, 
2023/07/24 21:13:53.367, 1.88443e+2, 0.00000e+0, 6.19235e+2, 0.00000e+0, 5.24125e+4, 0.00000e+0, 1.98867e+2, 0.00000e+0, 6.53486e+2, 0.00000e+0, 5.00185e+2, 0.00000e+0, 4.04678e+1, 0.00000e+0, 4.28016e+1, 0.00000e+0, 3.65129e+0, 0.00000e+0, 3.03234e+0, 0.00000e+0, 0.00000e+0, -2.93569e-1, 0.00000e+0, -4.90985e+0, 0.00000e+0, 9.83091e-2, 0.00000e+0, 5.22664e+0, 0.00000e+0, 9.68240e+1, 0.00000e+0, 2.00000e+1, 2.00000e+1, 3, 7, 
2023/07/24 21:14:03.558, 1.88269e+2, 0.00000e+0, 6.19630e+2, 0.00000e+0, 5.21834e+4, 0.00000e+0, 1.98635e+2, 0.00000e+0, 6.53744e+2, 0.00000e+0, 5.00145e+2, 0.00000e+0, 4.04660e+1, 0.00000e+0, 4.28334e+1, 0.00000e+0, 3.65211e+0, 0.00000e+0, 3.03259e+0, 0.00000e+0, 0.00000e+0, -2.93557e-1, 0.00000e+0, -4.90982e+0, 0.00000e+0, 9.81258e-2, 0.00000e+0, 5.22547e+0, 0.00000e+0, 9.67541e+1, 0.00000e+0, 2.00000e+1, 2.00000e+1, 3, 8, 
2023/07/24 21:14:13.657, 1.88175e+2, 0.00000e+0, 6.19703e+2, 0.00000e+0, 5.20028e+4, 0.00000e+0, 1.98498e+2, 0.00000e+0, 6.53697e+2, 0.00000e+0, 5.00121e+2, 0.00000e+0, 4.04664e+1, 0.00000e+0, 4.28783e+1, 0.00000e+0, 3.65180e+0, 0.00000e+0, 3.03243e+0, 0.00000e+0, 0.00000e+0, -2.93542e-1, 0.00000e+0, -4.90979e+0, 0.00000e+0, 9.89903e-2, 0.00000e+0, 5.22507e+0, 0.00000e+0, 9.67303e+1, 0.00000e+0, 2.00000e+1, 2.00000e+1, 3, 1, 
2023/07/24 21:14:23.858, 1.88070e+2, 0.00000e+0, 6.20251e+2, 0.00000e+0, 5.17371e+4, 0.00000e+0, 1.98331e+2, 0.00000e+0, 6.54092e+2, 0.00000e+0, 5.00096e+2, 0.00000e+0, 4.04704e+1, 0.00000e+0, 4.29010e+1, 0.00000e+0, 3.65132e+0, 0.00000e+0, 3.03256e+0, 0.00000e+0, 0.00000e+0, -2.93529e-1, 0.00000e+0, -4.90976e+0, 0.00000e+0, 9.80296e-2, 0.00000e+0, 5.22456e+0, 0.00000e+0, 9.67000e+1, 0.00000e+0, 2.00000e+1, 2.00000e+1, 3, 2, 
2023/07/24 21:14:33.959, 1.87790e+2, 0.00000e+0, 6.19176e+2, 0.00000e+0, 5.22270e+4, 0.00000e+0, 1.98138e+2, 0.00000e+0, 6.53295e+2, 0.00000e+0, 5.00091e+2, 0.00000e+0, 4.04709e+1, 0.00000e+0, 4.29110e+1, 0.00000e+0, 3.65066e+0, 0.00000e+0, 3.03241e+0, 0.00000e+0, 0.00000e+0, -2.93513e-1, 0.00000e+0, -4.90974e+0, 0.00000e+0, 9.90099e-2, 0.00000e+0, 5.22379e+0, 0.00000e+0, 9.66544e+1, 0.00000e+0, 2.00000e+1, 2.00000e+1, 3, 3, 
2023/07/24 21:14:44.159, 1.86740e+2, 0.00000e+0, 6.11862e+2, 0.00000e+0, 5.63401e+4, 0.00000e+0, 1.97889e+2, 0.00000e+0, 6.48392e+2, 0.00000e+0, 5.00145e+2, 0.00000e+0, 4.04710e+1, 0.00000e+0, 4.29140e+1, 0.00000e+0, 3.64669e+0, 0.00000e+0, 3.03188e+0, 0.00000e+0, 0.00000e+0, -2.93496e-1, 0.00000e+0, -4.90973e+0, 0.00000e+0, 9.80488e-2, 0.00000e+0, 5.22298e+0, 0.00000e+0, 9.66057e+1, 0.00000e+0, 2.00000e+1, 2.00000e+1, 3, 4, 
2023/07/24 21:14:54.263, 1.86287e+2, 0.00000e+0, 6.10147e+2, 0.00000e+0, 5.75250e+4, 0.00000e+0, 1.97658e+2, 0.00000e+0, 6.47388e+2, 0.00000e+0, 5.00175e+2, 0.00000e+0, 4.04724e+1, 0.00000e+0, 4.29377e+1, 0.00000e+0, 3.64565e+0, 0.00000e+0, 3.03180e+0, 0.00000e+0, 0.00000e+0, -2.93477e-1, 0.00000e+0, -4.90972e+0, 0.00000e+0, 9.89511e-2, 0.00000e+0, 5.22225e+0, 0.00000e+0, 9.65622e+1, 0.00000e+0, 2.00000e+1, 2.00000e+1, 3, 5, 
2023/07/24 21:15:04.460, 1.86185e+2, 0.00000e+0, 6.11336e+2, 0.00000e+0, 5.71979e+4, 0.00000e+0, 1.97480e+2, 0.00000e+0, 6.48425e+2, 0.00000e+0, 5.00170e+2, 0.00000e+0, 4.04727e+1, 0.00000e+0, 4.29616e+1, 0.00000e+0, 3.64576e+0, 0.00000e+0, 3.03182e+0, 0.00000e+0, 0.00000e+0, -2.93458e-1, 0.00000e+0, -4.90970e+0, 0.00000e+0, 9.81065e-2, 0.00000e+0, 5.22140e+0, 0.00000e+0, 9.65119e+1, 0.00000e+0, 2.00000e+1, 2.00000e+1, 3, 6, 
2023/07/24 21:15:14.567, 1.86132e+2, 0.00000e+0, 6.12487e+2, 0.00000e+0, 5.67711e+4, 0.00000e+0, 1.97335e+2, 0.00000e+0, 6.49352e+2, 0.00000e+0, 5.00141e+2, 0.00000e+0, 4.04759e+1, 0.00000e+0, 4.29591e+1, 0.00000e+0, 3.64644e+0, 0.00000e+0, 3.03202e+0, 0.00000e+0, 0.00000e+0, -2.93437e-1, 0.00000e+0, -4.90969e+0, 0.00000e+0, 9.89413e-2, 0.00000e+0, 5.22032e+0, 0.00000e+0, 9.64476e+1, 0.00000e+0, 2.00000e+1, 2.00000e+1, 3, 7, 
2023/07/24 21:15:24.761, 1.86151e+2, 0.00000e+0, 6.14289e+2, 0.00000e+0, 5.61248e+4, 0.00000e+0, 1.97219e+2, 0.00000e+0, 6.50816e+2, 0.00000e+0, 5.00147e+2, 0.00000e+0, 4.04720e+1, 0.00000e+0, 4.29540e+1, 0.00000e+0, 3.64607e+0, 0.00000e+0, 3.03187e+0, 0.00000e+0, 0.00000e+0, -2.93416e-1, 0.00000e+0, -4.90967e+0, 0.00000e+0, 9.81451e-2, 0.00000e+0, 5.21985e+0, 0.00000e+0, 9.64197e+1, 0.00000e+0, 2.00000e+1, 2.00000e+1, 3, 8, 
2023/07/24 21:15:34.871, 1.86061e+2, 0.00000e+0, 6.15761e+2, 0.00000e+0, 5.55956e+4, 0.00000e+0, 1.97014e+2, 0.00000e+0, 6.52010e+2, 0.00000e+0, 5.00072e+2, 0.00000e+0, 4.04698e+1, 0.00000e+0, 4.29221e+1, 0.00000e+0, 3.64652e+0, 0.00000e+0, 3.03186e+0, 0.00000e+0, 0.00000e+0, -2.93391e-1, 0.00000e+0, -4.90965e+0, 0.00000e+0, 9.88924e-2, 0.00000e+0, 5.21849e+0, 0.00000e+0, 9.63390e+1, 0.00000e+0, 2.00000e+1, 2.00000e+1, 3, 1, 
2023/07/24 21:15:45.059, 1.85975e+2, 0.00000e+0, 6.16914e+2, 0.00000e+0, 5.51917e+4, 0.00000e+0, 1.96839e+2, 0.00000e+0, 6.52952e+2, 0.00000e+0, 5.00093e+2, 0.00000e+0, 4.04727e+1, 0.00000e+0, 4.28981e+1, 0.00000e+0, 3.64685e+0, 0.00000e+0, 3.03199e+0, 0.00000e+0, 0.00000e+0, -2.93366e-1, 0.00000e+0, -4.90963e+0, 0.00000e+0, 9.81932e-2, 0.00000e+0, 5.21757e+0, 0.00000e+0, 9.62840e+1, 0.00000e+0, 2.00000e+1, 2.00000e+1, 3, 2, 
2023/07/24 21:15:55.175, 1.85818e+2, 0.00000e+0, 6.17609e+2, 0.00000e+0, 5.50271e+4, 0.00000e+0, 1.96639e+2, 0.00000e+0, 6.53573e+2, 0.00000e+0, 5.00127e+2, 0.00000e+0, 4.04692e+1, 0.00000e+0, 4.28821e+1, 0.00000e+0, 3.64688e+0, 0.00000e+0, 3.03230e+0, 0.00000e+0, 0.00000e+0, -2.93341e-1, 0.00000e+0, -4.90961e+0, 0.00000e+0, 9.87849e-2, 0.00000e+0, 5.21638e+0, 0.00000e+0, 9.62132e+1, 0.00000e+0, 2.00000e+1, 2.00000e+1, 3, 3, 
2023/07/24 21:16:05.365, 1.85706e+2, 0.00000e+0, 6.18140e+2, 0.00000e+0, 5.49774e+4, 0.00000e+0, 1.96510e+2, 0.00000e+0, 6.54101e+2, 0.00000e+0, 5.00146e+2, 0.00000e+0, 4.04649e+1, 0.00000e+0, 4.28611e+1, 0.00000e+0, 3.64674e+0, 0.00000e+0, 3.03217e+0, 0.00000e+0, 0.00000e+0, -2.93316e-1, 0.00000e+0, -4.90960e+0, 0.00000e+0, 9.82125e-2, 0.00000e+0, 5.21533e+0, 0.00000e+0, 9.61507e+1, 0.00000e+0, 2.00000e+1, 2.00000e+1, 3, 4, 
2023/07/24 21:16:15.480, 1.85539e+2, 0.00000e+0, 6.18812e+2, 0.00000e+0, 5.48612e+4, 0.00000e+0, 1.96308e+2, 0.00000e+0, 6.54731e+2, 0.00000e+0, 5.00157e+2, 0.00000e+0, 4.04681e+1, 0.00000e+0, 4.28442e+1, 0.00000e+0, 3.64655e+0, 0.00000e+0, 3.03222e+0, 0.00000e+0, 0.00000e+0, -2.93291e-1, 0.00000e+0, -4.90958e+0, 0.00000e+0, 9.88045e-2, 0.00000e+0, 5.21443e+0, 0.00000e+0, 9.60967e+1, 0.00000e+0, 2.00000e+1, 2.00000e+1, 3, 5, 
2023/07/24 21:16:25.660, 1.85460e+2, 0.00000e+0, 6.19766e+2, 0.00000e+0, 5.45682e+4, 0.00000e+0, 1.96164e+2, 0.00000e+0, 6.55538e+2, 0.00000e+0, 5.00144e+2, 0.00000e+0, 4.04697e+1, 0.00000e+0, 4.28546e+1, 0.00000e+0, 3.64649e+0, 0.00000e+0, 3.03198e+0, 0.00000e+0, 0.00000e+0, -2.93265e-1, 0.00000e+0, -4.90957e+0, 0.00000e+0, 9.82029e-2, 0.00000e+0, 5.21313e+0, 0.00000e+0, 9.60194e+1, 0.00000e+0, 2.00000e+1, 2.00000e+1, 3, 6, 
2023/07/24 21:16:35.785, 1.85282e+2, 0.00000e+0, 6.20079e+2, 0.00000e+0, 5.42010e+4, 0.00000e+0, 1.95899e+2, 0.00000e+0, 6.55614e+2, 0.00000e+0, 5.00128e+2, 0.00000e+0, 4.04714e+1, 0.00000e+0, 4.28627e+1, 0.00000e+0, 3.64686e+0, 0.00000e+0, 3.03235e+0, 0.00000e+0, 0.00000e+0, -2.93265e-1, 0.00000e+0, -4.90956e+0, 0.00000e+0, 9.87752e-2, 0.00000e+0, 5.21213e+0, 0.00000e+0, 9.59603e+1, 0.00000e+0, 2.00000e+1, 2.00000e+1, 3, 7, 
2023/07/24 21:16:45.958, 1.85169e+2, 0.00000e+0, 6.20190e+2, 0.00000e+0, 5.39851e+4, 0.00000e+0, 1.95736e+2, 0.00000e+0, 6.55582e+2, 0.00000e+0, 5.00117e+2, 0.00000e+0, 4.04756e+1, 0.00000e+0, 4.29116e+1, 0.00000e+0, 3.64709e+0, 0.00000e+0, 3.03228e+0, 0.00000e+0, 0.00000e+0, -2.93265e-1, 0.00000e+0, -4.90955e+0, 0.00000e+0, 9.83187e-2, 0.00000e+0, 5.21065e+0, 0.00000e+0, 9.58722e+1, 0.00000e+0, 2.00000e+1, 2.00000e+1, 3, 8, 
2023/07/24 21:16:56.152, 1.84999e+2, 0.00000e+0, 6.20142e+2, 0.00000e+0, 5.38411e+4, 0.00000e+0, 1.95526e+2, 0.00000e+0, 6.55431e+2, 0.00000e+0, 5.00113e+2, 0.00000e+0, 4.04763e+1, 0.00000e+0, 4.29464e+1, 0.00000e+0, 3.64695e+0, 0.00000e+0, 3.03227e+0, 0.00000e+0, 0.00000e+0, -2.93265e-1, 0.00000e+0, -4.90954e+0, 0.00000e+0, 9.81547e-2, 0.00000e+0, 5.20973e+0, 0.00000e+0, 9.58174e+1, 0.00000e+0, 2.00000e+1, 2.00000e+1, 3, 1, 
2023/07/24 21:17:06.259, 1.84852e+2, 0.00000e+0, 6.20186e+2, 0.00000e+0, 5.36577e+4, 0.00000e+0, 1.95334e+2, 0.00000e+0, 6.55350e+2, 0.00000e+0, 5.00136e+2, 0.00000e+0, 4.04715e+1, 0.00000e+0, 4.29606e+1, 0.00000e+0, 3.64663e+0, 0.00000e+0, 3.03238e+0, 0.00000e+0, 0.00000e+0, -2.93265e-1, 0.00000e+0, -4.90953e+0, 0.00000e+0, 9.89413e-2, 0.00000e+0, 5.20859e+0, 0.00000e+0, 9.57493e+1, 0.00000e+0, 2.00000e+1, 2.00000e+1, 3, 2, 
2023/07/24 21:17:16.459, 1.84719e+2, 0.00000e+0, 6.20195e+2, 0.00000e+0, 5.35059e+4, 0.00000e+0, 1.95161e+2, 0.00000e+0, 6.55255e+2, 0.00000e+0, 5.00162e+2, 0.00000e+0, 4.04756e+1, 0.00000e+0, 4.29766e+1, 0.00000e+0, 3.64659e+0, 0.00000e+0, 3.03239e+0, 0.00000e+0, 0.00000e+0, -2.93255e-1, 0.00000e+0, -4.90951e+0, 0.00000e+0, 9.80488e-2, 0.00000e+0, 5.20744e+0, 0.00000e+0, 9.56810e+1, 0.00000e+0, 2.00000e+1, 2.00000e+1, 3, 3, 
2023/07/24 21:17:26.561, 1.84561e+2, 0.00000e+0, 6.20531e+2, 0.00000e+0, 5.31735e+4, 0.00000e+0, 1.94926e+2, 0.00000e+0, 6.55380e+2, 0.00000e+0, 5.00163e+2, 0.00000e+0, 4.04739e+1, 0.00000e+0, 4.29615e+1, 0.00000e+0, 3.64666e+0, 0.00000e+0, 3.03238e+0, 0.00000e+0, 0.00000e+0, -2.93255e-1, 0.00000e+0, -4.90950e+0, 0.00000e+0, 9.90295e-2, 0.00000e+0, 5.20609e+0, 0.00000e+0, 9.56003e+1, 0.00000e+0, 2.00000e+1, 2.00000e+1, 3, 4, 
2023/07/24 21:17:36.763, 1.84434e+2, 0.00000e+0, 6.20926e+2, 0.00000e+0, 5.28946e+4, 0.00000e+0, 1.94734e+2, 0.00000e+0, 6.55604e+2, 0.00000e+0, 5.00166e+2, 0.00000e+0, 4.04731e+1, 0.00000e+0, 4.29453e+1, 0.00000e+0, 3.64648e+0, 0.00000e+0, 3.03246e+0, 0.00000e+0, 0.00000e+0, -2.93245e-1, 0.00000e+0, -4.90949e+0, 0.00000e+0, 9.79528e-2, 0.00000e+0, 5.20496e+0, 0.00000e+0, 9.55333e+1, 0.00000e+0, 2.00000e+1, 2.00000e+1, 3, 5, 
2023/07/24 21:17:46.863, 1.84328e+2, 0.00000e+0, 6.20896e+2, 0.00000e+0, 5.27064e+4, 0.00000e+0, 1.94584e+2, 0.00000e+0, 6.55442e+2, 0.00000e+0, 5.00151e+2, 0.00000e+0, 4.04709e+1, 0.00000e+0, 4.29480e+1, 0.00000e+0, 3.64624e+0, 0.00000e+0, 3.03268e+0, 0.00000e+0, 0.00000e+0, -2.93234e-1, 0.00000e+0, -4.90949e+0, 0.00000e+0, 9.90491e-2, 0.00000e+0, 5.20424e+0, 0.00000e+0, 9.54907e+1, 0.00000e+0, 2.00000e+1, 2.00000e+1, 3, 6, 
2023/07/24 21:17:57.061, 1.84287e+2, 0.00000e+0, 6.21417e+2, 0.00000e+0, 5.23035e+4, 0.00000e+0, 1.94458e+2, 0.00000e+0, 6.55713e+2, 0.00000e+0, 5.00090e+2, 0.00000e+0, 4.04735e+1, 0.00000e+0, 4.29515e+1, 0.00000e+0, 3.64601e+0, 0.00000e+0, 3.03263e+0, 0.00000e+0, 0.00000e+0, -2.93223e-1, 0.00000e+0, -4.90949e+0, 0.00000e+0, 9.80873e-2, 0.00000e+0, 5.20267e+0, 0.00000e+0, 9.53969e+1, 0.00000e+0, 2.00000e+1, 2.00000e+1, 3, 7, 
2023/07/24 21:18:07.166, 1.84119e+2, 0.00000e+0, 6.21802e+2, 0.00000e+0, 5.20494e+4, 0.00000e+0, 1.94228e+2, 0.00000e+0, 6.55943e+2, 0.00000e+0, 5.00101e+2, 0.00000e+0, 4.04695e+1, 0.00000e+0, 4.29391e+1, 0.00000e+0, 3.64609e+0, 0.00000e+0, 3.03263e+0, 0.00000e+0, 0.00000e+0, -2.93211e-1, 0.00000e+0, -4.90949e+0, 0.00000e+0, 9.88631e-2, 0.00000e+0, 5.20119e+0, 0.00000e+0, 9.53087e+1, 0.00000e+0, 2.00000e+1, 2.00000e+1, 3, 8, 
2023/07/24 21:18:17.353, 1.83966e+2, 0.00000e+0, 6.21701e+2, 0.00000e+0, 5.19320e+4, 0.00000e+0, 1.94043e+2, 0.00000e+0, 6.55756e+2, 0.00000e+0, 5.00141e+2, 0.00000e+0, 4.04746e+1, 0.00000e+0, 4.29327e+1, 0.00000e+0, 3.64596e+0, 0.00000e+0, 3.03268e+0, 0.00000e+0, 0.00000e+0, -2.93197e-1, 0.00000e+0, -4.90950e+0, 0.00000e+0, 9.82511e-2, 0.00000e+0, 5.20003e+0, 0.00000e+0, 9.52401e+1, 0.00000e+0, 2.00000e+1, 2.00000e+1, 3, 1, 
2023/07/24 21:18:27.470, 1.83754e+2, 0.00000e+0, 6.21319e+2, 0.00000e+0, 5.20315e+4, 0.00000e+0, 1.93839e+2, 0.00000e+0, 6.55422e+2, 0.00000e+0, 5.00209e+2, 0.00000e+0, 4.04706e+1, 0.00000e+0, 4.29004e+1, 0.00000e+0, 3.64567e+0, 0.00000e+0, 3.03255e+0, 0.00000e+0, 0.00000e+0, -2.93185e-1, 0.00000e+0, -4.90952e+0, 0.00000e+0, 9.88240e-2, 0.00000e+0, 5.19876e+0, 0.00000e+0, 9.51642e+1, 0.00000e+0, 2.00000e+1, 2.00000e+1, 3, 2, 
2023/07/24 21:18:37.656, 1.83654e+2, 0.00000e+0, 6.21482e+2, 0.00000e+0, 5.18309e+4, 0.00000e+0, 1.93693e+2, 0.00000e+0, 6.55455e+2, 0.00000e+0, 5.00153e+2, 0.00000e+0, 4.04728e+1, 0.00000e+0, 4.28898e+1, 0.00000e+0, 3.64531e+0, 0.00000e+0, 3.03264e+0, 0.00000e+0, 0.00000e+0, -2.93172e-1, 0.00000e+0, -4.90953e+0, 0.00000e+0, 9.81547e-2, 0.00000e+0, 5.19709e+0, 0.00000e+0, 9.50648e+1, 0.00000e+0, 2.00000e+1, 2.00000e+1, 3, 3, 
2023/07/24 21:18:47.774, 1.83503e+2, 0.00000e+0, 6.21786e+2, 0.00000e+0, 5.16563e+4, 0.00000e+0, 1.93498e+2, 0.00000e+0, 6.55655e+2, 0.00000e+0, 5.00155e+2, 0.00000e+0, 4.04709e+1, 0.00000e+0, 4.28756e+1, 0.00000e+0, 3.64541e+0, 0.00000e+0, 3.03249e+0, 0.00000e+0, 0.00000e+0, -2.93162e-1, 0.00000e+0, -4.90953e+0, 0.00000e+0, 9.88631e-2, 0.00000e+0, 5.19535e+0, 0.00000e+0, 9.49615e+1, 0.00000e+0, 2.00000e+1, 2.00000e+1, 3, 4, 
2023/07/24 21:18:57.954, 1.83449e+2, 0.00000e+0, 6.22012e+2, 0.00000e+0, 5.14907e+4, 0.00000e+0, 1.93408e+2, 0.00000e+0, 6.55778e+2, 0.00000e+0, 5.00109e+2, 0.00000e+0, 4.04782e+1, 0.00000e+0, 4.28902e+1, 0.00000e+0, 3.64538e+0, 0.00000e+0, 3.03260e+0, 0.00000e+0, 0.00000e+0, -2.93151e-1, 0.00000e+0, -4.90953e+0, 0.00000e+0, 9.82125e-2, 0.00000e+0, 5.19404e+0, 0.00000e+0, 9.48832e+1, 0.00000e+0, 2.00000e+1, 2.00000e+1, 3, 5, 
2023/07/24 21:19:08.085, 1.83355e+2, 0.00000e+0, 6.21984e+2, 0.00000e+0, 5.13274e+4, 0.00000e+0, 1.93275e+2, 0.00000e+0, 6.55636e+2, 0.00000e+0, 5.00069e+2, 0.00000e+0, 4.04769e+1, 0.00000e+0, 4.29006e+1, 0.00000e+0, 3.64477e+0, 0.00000e+0, 3.03266e+0, 0.00000e+0, 0.00000e+0, -2.93140e-1, 0.00000e+0, -4.90953e+0, 0.00000e+0, 9.87167e-2, 0.00000e+0, 5.19301e+0, 0.00000e+0, 9.48219e+1, 0.00000e+0, 2.00000e+1, 2.00000e+1, 3, 6, 
2023/07/24 21:19:18.260, 1.83185e+2, 0.00000e+0, 6.22206e+2, 0.00000e+0, 5.11420e+4, 0.00000e+0, 1.93058e+2, 0.00000e+0, 6.55742e+2, 0.00000e+0, 5.00096e+2, 0.00000e+0, 4.04783e+1, 0.00000e+0, 4.28962e+1, 0.00000e+0, 3.64491e+0, 0.00000e+0, 3.03250e+0, 0.00000e+0, 0.00000e+0, -2.93130e-1, 0.00000e+0, -4.90953e+0, 0.00000e+0, 9.83091e-2, 0.00000e+0, 5.19243e+0, 0.00000e+0, 9.47878e+1, 0.00000e+0, 2.00000e+1, 2.00000e+1, 3, 7, 
2023/07/24 21:19:28.390, 1.83058e+2, 0.00000e+0, 6.22360e+2, 0.00000e+0, 5.08840e+4, 0.00000e+0, 1.92872e+2, 0.00000e+0, 6.55726e+2, 0.00000e+0, 5.00122e+2, 0.00000e+0, 4.04823e+1, 0.00000e+0, 4.29119e+1, 0.00000e+0, 3.64487e+0, 0.00000e+0, 3.03270e+0, 0.00000e+0, 0.00000e+0, -2.93120e-1, 0.00000e+0, -4.90953e+0, 0.00000e+0, 9.86875e-2, 0.00000e+0, 5.19124e+0, 0.00000e+0, 9.47169e+1, 0.00000e+0, 2.00000e+1, 2.00000e+1, 3, 8, 
2023/07/24 21:19:38.562, 1.82909e+2, 0.00000e+0, 6.22662e+2, 0.00000e+0, 5.06395e+4, 0.00000e+0, 1.92665e+2, 0.00000e+0, 6.55875e+2, 0.00000e+0, 5.00135e+2, 0.00000e+0, 4.04816e+1, 0.00000e+0, 4.29137e+1, 0.00000e+0, 3.64480e+0, 0.00000e+0, 3.03260e+0, 0.00000e+0, 0.00000e+0, -2.93109e-1, 0.00000e+0, -4.90953e+0, 0.00000e+0, 9.83478e-2, 0.00000e+0, 5.18979e+0, 0.00000e+0, 9.46301e+1, 0.00000e+0, 2.00000e+1, 2.00000e+1, 3, 1, 
2023/07/24 21:19:48.753, 1.82709e+2, 0.00000e+0, 6.22502e+2, 0.00000e+0, 5.06132e+4, 0.00000e+0, 1.92449e+2, 0.00000e+0, 6.55688e+2, 0.00000e+0, 5.00160e+2, 0.00000e+0, 4.04779e+1, 0.00000e+0, 4.29023e+1, 0.00000e+0, 3.64436e+0, 0.00000e+0, 3.03281e+0, 0.00000e+0, 0.00000e+0, -2.93097e-1, 0.00000e+0, -4.90953e+0, 0.00000e+0, 9.81451e-2, 0.00000e+0, 5.18857e+0, 0.00000e+0, 9.45580e+1, 0.00000e+0, 2.00000e+1, 2.00000e+1, 3, 2, 
2023/07/24 21:19:58.859, 1.82493e+2, 0.00000e+0, 6.22452e+2, 0.00000e+0, 5.05636e+4, 0.00000e+0, 1.92212e+2, 0.00000e+0, 6.55602e+2, 0.00000e+0, 5.00169e+2, 0.00000e+0, 4.04761e+1, 0.00000e+0, 4.28871e+1, 0.00000e+0, 3.64441e+0, 0.00000e+0, 3.03293e+0, 0.00000e+0, 0.00000e+0, -2.93086e-1, 0.00000e+0, -4.90953e+0, 0.00000e+0, 9.89707e-2, 0.00000e+0, 5.18728e+0, 0.00000e+0, 9.44812e+1, 0.00000e+0, 2.00000e+1, 2.00000e+1, 3, 3, 
2023/07/24 21:20:09.051, 1.82376e+2, 0.00000e+0, 6.22710e+2, 0.00000e+0, 5.04852e+4, 0.00000e+0, 1.92073e+2, 0.00000e+0, 6.55819e+2, 0.00000e+0, 5.00132e+2, 0.00000e+0, 4.04774e+1, 0.00000e+0, 4.28752e+1, 0.00000e+0, 3.64392e+0, 0.00000e+0, 3.03257e+0, 0.00000e+0, 0.00000e+0, -2.93074e-1, 0.00000e+0, -4.90953e+0, 0.00000e+0, 9.81162e-2, 0.00000e+0, 5.18590e+0, 0.00000e+0, 9.43985e+1, 0.00000e+0, 2.00000e+1, 2.00000e+1, 3, 4, 
2023/07/24 21:20:19.159, 1.82247e+2, 0.00000e+0, 6.22852e+2, 0.00000e+0, 5.03004e+4, 0.00000e+0, 1.91900e+2, 0.00000e+0, 6.55841e+2, 0.00000e+0, 5.00080e+2, 0.00000e+0, 4.04752e+1, 0.00000e+0, 4.28829e+1, 0.00000e+0, 3.64408e+0, 0.00000e+0, 3.03274e+0, 0.00000e+0, 0.00000e+0, -2.93063e-1, 0.00000e+0, -4.90953e+0, 0.00000e+0, 9.89413e-2, 0.00000e+0, 5.18442e+0, 0.00000e+0, 9.43108e+1, 0.00000e+0, 2.00000e+1, 2.00000e+1, 3, 5, 

